# Forces  
# CofR    : (0.000e+00 0.000e+00 0.000e+00)
# Time    forces(pressure viscous porous) moment(pressure viscous porous)
1         	((3.616e+01 -2.668e+01 -1.628e+02) (3.267e-01 1.100e-02 6.650e-04) (0.000e+00 0.000e+00 0.000e+00)) ((2.927e+01 2.853e+02 -4.019e+01) (1.661e-03 -5.831e-02 1.363e-01) (0.000e+00 0.000e+00 0.000e+00))
2         	((1.470e+01 -1.042e+01 -1.028e+02) (3.143e-01 1.025e-02 -2.997e-03) (0.000e+00 0.000e+00 0.000e+00)) ((2.084e+01 1.520e+02 -1.497e+01) (3.680e-03 -5.474e-02 1.294e-01) (0.000e+00 0.000e+00 0.000e+00))
3         	((6.316e+00 -5.398e+00 -7.311e+01) (3.051e-01 7.926e-03 -4.497e-03) (0.000e+00 0.000e+00 0.000e+00)) ((1.585e+01 9.225e+01 -7.466e+00) (3.844e-03 -5.143e-02 1.212e-01) (0.000e+00 0.000e+00 0.000e+00))
4         	((4.444e+00 -4.413e+00 -6.457e+01) (3.021e-01 7.325e-03 -6.163e-03) (0.000e+00 0.000e+00 0.000e+00)) ((1.429e+01 7.697e+01 -6.069e+00) (4.228e-03 -4.764e-02 1.182e-01) (0.000e+00 0.000e+00 0.000e+00))
5         	((3.799e+00 -3.861e+00 -6.083e+01) (2.999e-01 6.964e-03 -6.964e-03) (0.000e+00 0.000e+00 0.000e+00)) ((1.376e+01 7.024e+01 -5.254e+00) (4.478e-03 -4.551e-02 1.158e-01) (0.000e+00 0.000e+00 0.000e+00))
6         	((3.729e+00 -3.623e+00 -6.013e+01) (2.976e-01 7.480e-03 -6.927e-03) (0.000e+00 0.000e+00 0.000e+00)) ((1.382e+01 6.882e+01 -4.897e+00) (4.625e-03 -4.497e-02 1.149e-01) (0.000e+00 0.000e+00 0.000e+00))
7         	((3.828e+00 -3.475e+00 -6.024e+01) (2.955e-01 8.416e-03 -6.576e-03) (0.000e+00 0.000e+00 0.000e+00)) ((1.398e+01 6.923e+01 -4.678e+00) (4.753e-03 -4.500e-02 1.147e-01) (0.000e+00 0.000e+00 0.000e+00))
8         	((3.943e+00 -3.350e+00 -6.041e+01) (2.956e-01 9.621e-03 -6.648e-03) (0.000e+00 0.000e+00 0.000e+00)) ((1.411e+01 6.988e+01 -4.502e+00) (5.096e-03 -4.480e-02 1.158e-01) (0.000e+00 0.000e+00 0.000e+00))
9         	((4.033e+00 -3.224e+00 -6.049e+01) (2.986e-01 1.094e-02 -7.219e-03) (0.000e+00 0.000e+00 0.000e+00)) ((1.420e+01 7.030e+01 -4.329e+00) (5.654e-03 -4.458e-02 1.184e-01) (0.000e+00 0.000e+00 0.000e+00))
10        	((4.102e+00 -3.111e+00 -6.042e+01) (3.021e-01 1.187e-02 -7.912e-03) (0.000e+00 0.000e+00 0.000e+00)) ((1.425e+01 7.046e+01 -4.183e+00) (6.063e-03 -4.545e-02 1.205e-01) (0.000e+00 0.000e+00 0.000e+00))
11        	((4.141e+00 -3.037e+00 -6.013e+01) (3.064e-01 1.276e-02 -8.210e-03) (0.000e+00 0.000e+00 0.000e+00)) ((1.422e+01 7.034e+01 -4.110e+00) (6.325e-03 -4.714e-02 1.230e-01) (0.000e+00 0.000e+00 0.000e+00))
12        	((4.154e+00 -3.019e+00 -5.965e+01) (3.116e-01 1.388e-02 -7.614e-03) (0.000e+00 0.000e+00 0.000e+00)) ((1.414e+01 7.001e+01 -4.141e+00) (6.445e-03 -4.899e-02 1.262e-01) (0.000e+00 0.000e+00 0.000e+00))
13        	((4.148e+00 -3.049e+00 -5.907e+01) (3.179e-01 1.531e-02 -6.781e-03) (0.000e+00 0.000e+00 0.000e+00)) ((1.401e+01 6.957e+01 -4.261e+00) (6.609e-03 -5.078e-02 1.303e-01) (0.000e+00 0.000e+00 0.000e+00))
14        	((4.129e+00 -3.103e+00 -5.841e+01) (3.242e-01 1.656e-02 -6.779e-03) (0.000e+00 0.000e+00 0.000e+00)) ((1.387e+01 6.905e+01 -4.426e+00) (6.959e-03 -5.224e-02 1.343e-01) (0.000e+00 0.000e+00 0.000e+00))
15        	((4.105e+00 -3.153e+00 -5.767e+01) (3.310e-01 1.757e-02 -6.958e-03) (0.000e+00 0.000e+00 0.000e+00)) ((1.371e+01 6.844e+01 -4.581e+00) (7.337e-03 -5.357e-02 1.383e-01) (0.000e+00 0.000e+00 0.000e+00))
16        	((4.086e+00 -3.186e+00 -5.685e+01) (3.377e-01 1.825e-02 -7.096e-03) (0.000e+00 0.000e+00 0.000e+00)) ((1.353e+01 6.774e+01 -4.699e+00) (7.670e-03 -5.473e-02 1.419e-01) (0.000e+00 0.000e+00 0.000e+00))
17        	((4.074e+00 -3.218e+00 -5.596e+01) (3.423e-01 1.838e-02 -6.468e-03) (0.000e+00 0.000e+00 0.000e+00)) ((1.333e+01 6.699e+01 -4.808e+00) (7.614e-03 -5.652e-02 1.439e-01) (0.000e+00 0.000e+00 0.000e+00))
18        	((4.065e+00 -3.262e+00 -5.479e+01) (3.461e-01 1.833e-02 -5.960e-03) (0.000e+00 0.000e+00 0.000e+00)) ((1.303e+01 6.595e+01 -4.928e+00) (7.552e-03 -5.815e-02 1.452e-01) (0.000e+00 0.000e+00 0.000e+00))
19        	((4.041e+00 -3.325e+00 -5.336e+01) (3.510e-01 1.780e-02 -5.612e-03) (0.000e+00 0.000e+00 0.000e+00)) ((1.264e+01 6.455e+01 -5.075e+00) (7.489e-03 -5.964e-02 1.460e-01) (0.000e+00 0.000e+00 0.000e+00))
20        	((3.983e+00 -3.392e+00 -5.173e+01) (3.561e-01 1.713e-02 -5.299e-03) (0.000e+00 0.000e+00 0.000e+00)) ((1.222e+01 6.282e+01 -5.235e+00) (7.417e-03 -6.105e-02 1.465e-01) (0.000e+00 0.000e+00 0.000e+00))
21        	((3.903e+00 -3.442e+00 -4.993e+01) (3.612e-01 1.624e-02 -4.836e-03) (0.000e+00 0.000e+00 0.000e+00)) ((1.176e+01 6.083e+01 -5.362e+00) (7.261e-03 -6.266e-02 1.467e-01) (0.000e+00 0.000e+00 0.000e+00))
22        	((3.809e+00 -3.454e+00 -4.808e+01) (3.656e-01 1.596e-02 -4.035e-03) (0.000e+00 0.000e+00 0.000e+00)) ((1.131e+01 5.877e+01 -5.424e+00) (6.977e-03 -6.479e-02 1.476e-01) (0.000e+00 0.000e+00 0.000e+00))
23        	((3.711e+00 -3.443e+00 -4.623e+01) (3.693e-01 1.582e-02 -3.096e-03) (0.000e+00 0.000e+00 0.000e+00)) ((1.086e+01 5.672e+01 -5.451e+00) (6.647e-03 -6.699e-02 1.484e-01) (0.000e+00 0.000e+00 0.000e+00))
24        	((3.629e+00 -3.421e+00 -4.461e+01) (3.736e-01 1.530e-02 -2.092e-03) (0.000e+00 0.000e+00 0.000e+00)) ((1.048e+01 5.498e+01 -5.459e+00) (6.261e-03 -6.927e-02 1.487e-01) (0.000e+00 0.000e+00 0.000e+00))
25        	((3.568e+00 -3.402e+00 -4.331e+01) (3.784e-01 1.471e-02 -1.099e-03) (0.000e+00 0.000e+00 0.000e+00)) ((1.016e+01 5.365e+01 -5.474e+00) (5.878e-03 -7.156e-02 1.490e-01) (0.000e+00 0.000e+00 0.000e+00))
26        	((3.524e+00 -3.386e+00 -4.222e+01) (3.830e-01 1.439e-02 -2.334e-04) (0.000e+00 0.000e+00 0.000e+00)) ((9.893e+00 5.262e+01 -5.490e+00) (5.568e-03 -7.369e-02 1.495e-01) (0.000e+00 0.000e+00 0.000e+00))
27        	((3.496e+00 -3.366e+00 -4.123e+01) (3.872e-01 1.450e-02 4.255e-04) (0.000e+00 0.000e+00 0.000e+00)) ((9.638e+00 5.177e+01 -5.487e+00) (5.351e-03 -7.553e-02 1.508e-01) (0.000e+00 0.000e+00 0.000e+00))
28        	((3.476e+00 -3.333e+00 -4.043e+01) (3.908e-01 1.484e-02 9.744e-04) (0.000e+00 0.000e+00 0.000e+00)) ((9.426e+00 5.112e+01 -5.443e+00) (5.191e-03 -7.719e-02 1.523e-01) (0.000e+00 0.000e+00 0.000e+00))
29        	((3.455e+00 -3.281e+00 -4.021e+01) (3.934e-01 1.553e-02 1.328e-03) (0.000e+00 0.000e+00 0.000e+00)) ((9.375e+00 5.092e+01 -5.352e+00) (5.153e-03 -7.828e-02 1.540e-01) (0.000e+00 0.000e+00 0.000e+00))
30        	((3.400e+00 -3.224e+00 -3.985e+01) (3.958e-01 1.611e-02 1.694e-03) (0.000e+00 0.000e+00 0.000e+00)) ((9.314e+00 5.052e+01 -5.253e+00) (5.103e-03 -7.928e-02 1.555e-01) (0.000e+00 0.000e+00 0.000e+00))
31        	((3.331e+00 -3.136e+00 -3.979e+01) (3.987e-01 1.650e-02 2.272e-03) (0.000e+00 0.000e+00 0.000e+00)) ((9.350e+00 5.027e+01 -5.095e+00) (4.969e-03 -8.059e-02 1.570e-01) (0.000e+00 0.000e+00 0.000e+00))
32        	((3.247e+00 -3.055e+00 -3.960e+01) (4.019e-01 1.677e-02 3.021e-03) (0.000e+00 0.000e+00 0.000e+00)) ((9.350e+00 4.984e+01 -4.944e+00) (4.761e-03 -8.212e-02 1.585e-01) (0.000e+00 0.000e+00 0.000e+00))
33        	((3.162e+00 -2.989e+00 -3.912e+01) (4.049e-01 1.695e-02 3.940e-03) (0.000e+00 0.000e+00 0.000e+00)) ((9.260e+00 4.917e+01 -4.809e+00) (4.478e-03 -8.381e-02 1.601e-01) (0.000e+00 0.000e+00 0.000e+00))
34        	((3.089e+00 -2.921e+00 -3.849e+01) (4.074e-01 1.731e-02 5.197e-03) (0.000e+00 0.000e+00 0.000e+00)) ((9.117e+00 4.840e+01 -4.658e+00) (4.086e-03 -8.590e-02 1.618e-01) (0.000e+00 0.000e+00 0.000e+00))
35        	((3.028e+00 -2.864e+00 -3.789e+01) (4.098e-01 1.777e-02 6.677e-03) (0.000e+00 0.000e+00 0.000e+00)) ((8.975e+00 4.768e+01 -4.517e+00) (3.605e-03 -8.839e-02 1.634e-01) (0.000e+00 0.000e+00 0.000e+00))
36        	((2.984e+00 -2.813e+00 -3.751e+01) (4.122e-01 1.812e-02 8.030e-03) (0.000e+00 0.000e+00 0.000e+00)) ((8.890e+00 4.720e+01 -4.383e+00) (3.152e-03 -9.091e-02 1.649e-01) (0.000e+00 0.000e+00 0.000e+00))
37        	((2.959e+00 -2.771e+00 -3.741e+01) (4.145e-01 1.836e-02 9.189e-03) (0.000e+00 0.000e+00 0.000e+00)) ((8.868e+00 4.704e+01 -4.266e+00) (2.755e-03 -9.324e-02 1.662e-01) (0.000e+00 0.000e+00 0.000e+00))
38        	((2.955e+00 -2.746e+00 -3.743e+01) (4.168e-01 1.857e-02 1.008e-02) (0.000e+00 0.000e+00 0.000e+00)) ((8.862e+00 4.706e+01 -4.184e+00) (2.456e-03 -9.528e-02 1.672e-01) (0.000e+00 0.000e+00 0.000e+00))
39        	((2.973e+00 -2.747e+00 -3.746e+01) (4.191e-01 1.874e-02 1.079e-02) (0.000e+00 0.000e+00 0.000e+00)) ((8.839e+00 4.722e+01 -4.154e+00) (2.225e-03 -9.710e-02 1.681e-01) (0.000e+00 0.000e+00 0.000e+00))
40        	((3.018e+00 -2.776e+00 -3.746e+01) (4.214e-01 1.890e-02 1.135e-02) (0.000e+00 0.000e+00 0.000e+00)) ((8.790e+00 4.749e+01 -4.181e+00) (2.041e-03 -9.869e-02 1.689e-01) (0.000e+00 0.000e+00 0.000e+00))
41        	((3.080e+00 -2.821e+00 -3.741e+01) (4.236e-01 1.910e-02 1.191e-02) (0.000e+00 0.000e+00 0.000e+00)) ((8.725e+00 4.781e+01 -4.248e+00) (1.878e-03 -1.001e-01 1.698e-01) (0.000e+00 0.000e+00 0.000e+00))
42        	((3.147e+00 -2.857e+00 -3.732e+01) (4.258e-01 1.934e-02 1.245e-02) (0.000e+00 0.000e+00 0.000e+00)) ((8.658e+00 4.809e+01 -4.313e+00) (1.729e-03 -1.014e-01 1.709e-01) (0.000e+00 0.000e+00 0.000e+00))
43        	((3.218e+00 -2.892e+00 -3.723e+01) (4.279e-01 1.967e-02 1.289e-02) (0.000e+00 0.000e+00 0.000e+00)) ((8.597e+00 4.837e+01 -4.382e+00) (1.609e-03 -1.025e-01 1.720e-01) (0.000e+00 0.000e+00 0.000e+00))
44        	((3.288e+00 -2.913e+00 -3.714e+01) (4.300e-01 2.008e-02 1.324e-02) (0.000e+00 0.000e+00 0.000e+00)) ((8.542e+00 4.862e+01 -4.429e+00) (1.527e-03 -1.035e-01 1.734e-01) (0.000e+00 0.000e+00 0.000e+00))
45        	((3.347e+00 -2.922e+00 -3.708e+01) (4.322e-01 2.045e-02 1.346e-02) (0.000e+00 0.000e+00 0.000e+00)) ((8.505e+00 4.883e+01 -4.456e+00) (1.491e-03 -1.044e-01 1.747e-01) (0.000e+00 0.000e+00 0.000e+00))
46        	((3.376e+00 -2.920e+00 -3.712e+01) (4.345e-01 2.079e-02 1.357e-02) (0.000e+00 0.000e+00 0.000e+00)) ((8.517e+00 4.898e+01 -4.463e+00) (1.498e-03 -1.051e-01 1.761e-01) (0.000e+00 0.000e+00 0.000e+00))
47        	((3.378e+00 -2.912e+00 -3.715e+01) (4.370e-01 2.098e-02 1.342e-02) (0.000e+00 0.000e+00 0.000e+00)) ((8.543e+00 4.901e+01 -4.466e+00) (1.578e-03 -1.054e-01 1.773e-01) (0.000e+00 0.000e+00 0.000e+00))
48        	((3.344e+00 -2.895e+00 -3.714e+01) (4.397e-01 2.100e-02 1.323e-02) (0.000e+00 0.000e+00 0.000e+00)) ((8.578e+00 4.887e+01 -4.457e+00) (1.649e-03 -1.055e-01 1.784e-01) (0.000e+00 0.000e+00 0.000e+00))
49        	((3.283e+00 -2.876e+00 -3.709e+01) (4.425e-01 2.088e-02 1.307e-02) (0.000e+00 0.000e+00 0.000e+00)) ((8.606e+00 4.857e+01 -4.438e+00) (1.681e-03 -1.057e-01 1.793e-01) (0.000e+00 0.000e+00 0.000e+00))
50        	((3.207e+00 -2.861e+00 -3.697e+01) (4.453e-01 2.064e-02 1.303e-02) (0.000e+00 0.000e+00 0.000e+00)) ((8.614e+00 4.815e+01 -4.419e+00) (1.646e-03 -1.060e-01 1.802e-01) (0.000e+00 0.000e+00 0.000e+00))
51        	((3.131e+00 -2.865e+00 -3.682e+01) (4.481e-01 2.035e-02 1.308e-02) (0.000e+00 0.000e+00 0.000e+00)) ((8.589e+00 4.770e+01 -4.422e+00) (1.569e-03 -1.065e-01 1.809e-01) (0.000e+00 0.000e+00 0.000e+00))
52        	((3.065e+00 -2.904e+00 -3.666e+01) (4.508e-01 2.012e-02 1.314e-02) (0.000e+00 0.000e+00 0.000e+00)) ((8.537e+00 4.729e+01 -4.480e+00) (1.493e-03 -1.070e-01 1.817e-01) (0.000e+00 0.000e+00 0.000e+00))
53        	((3.007e+00 -2.981e+00 -3.652e+01) (4.535e-01 2.005e-02 1.312e-02) (0.000e+00 0.000e+00 0.000e+00)) ((8.475e+00 4.698e+01 -4.603e+00) (1.468e-03 -1.075e-01 1.827e-01) (0.000e+00 0.000e+00 0.000e+00))
54        	((2.959e+00 -3.087e+00 -3.643e+01) (4.562e-01 2.011e-02 1.294e-02) (0.000e+00 0.000e+00 0.000e+00)) ((8.418e+00 4.678e+01 -4.780e+00) (1.527e-03 -1.077e-01 1.837e-01) (0.000e+00 0.000e+00 0.000e+00))
55        	((2.928e+00 -3.203e+00 -3.644e+01) (4.589e-01 2.028e-02 1.259e-02) (0.000e+00 0.000e+00 0.000e+00)) ((8.384e+00 4.676e+01 -4.977e+00) (1.667e-03 -1.077e-01 1.847e-01) (0.000e+00 0.000e+00 0.000e+00))
56        	((2.920e+00 -3.335e+00 -3.659e+01) (4.616e-01 2.052e-02 1.209e-02) (0.000e+00 0.000e+00 0.000e+00)) ((8.379e+00 4.703e+01 -5.202e+00) (1.881e-03 -1.075e-01 1.857e-01) (0.000e+00 0.000e+00 0.000e+00))
57        	((2.946e+00 -3.393e+00 -3.688e+01) (4.641e-01 2.086e-02 1.145e-02) (0.000e+00 0.000e+00 0.000e+00)) ((8.432e+00 4.753e+01 -5.296e+00) (2.160e-03 -1.070e-01 1.868e-01) (0.000e+00 0.000e+00 0.000e+00))
58        	((3.000e+00 -3.414e+00 -3.730e+01) (4.664e-01 2.130e-02 1.072e-02) (0.000e+00 0.000e+00 0.000e+00)) ((8.514e+00 4.827e+01 -5.319e+00) (2.486e-03 -1.064e-01 1.879e-01) (0.000e+00 0.000e+00 0.000e+00))
59        	((3.068e+00 -3.392e+00 -3.766e+01) (4.685e-01 2.175e-02 9.958e-03) (0.000e+00 0.000e+00 0.000e+00)) ((8.578e+00 4.902e+01 -5.268e+00) (2.825e-03 -1.056e-01 1.889e-01) (0.000e+00 0.000e+00 0.000e+00))
60        	((3.140e+00 -3.344e+00 -3.788e+01) (4.705e-01 2.217e-02 9.258e-03) (0.000e+00 0.000e+00 0.000e+00)) ((8.606e+00 4.967e+01 -5.174e+00) (3.131e-03 -1.049e-01 1.898e-01) (0.000e+00 0.000e+00 0.000e+00))
61        	((3.215e+00 -3.288e+00 -3.797e+01) (4.724e-01 2.251e-02 8.685e-03) (0.000e+00 0.000e+00 0.000e+00)) ((8.599e+00 5.019e+01 -5.071e+00) (3.370e-03 -1.044e-01 1.906e-01) (0.000e+00 0.000e+00 0.000e+00))
62        	((3.292e+00 -3.233e+00 -3.800e+01) (4.744e-01 2.278e-02 8.217e-03) (0.000e+00 0.000e+00 0.000e+00)) ((8.583e+00 5.063e+01 -4.977e+00) (3.551e-03 -1.041e-01 1.913e-01) (0.000e+00 0.000e+00 0.000e+00))
63        	((3.381e+00 -3.177e+00 -3.808e+01) (4.767e-01 2.297e-02 7.814e-03) (0.000e+00 0.000e+00 0.000e+00)) ((8.583e+00 5.111e+01 -4.882e+00) (3.690e-03 -1.038e-01 1.920e-01) (0.000e+00 0.000e+00 0.000e+00))
64        	((3.498e+00 -3.118e+00 -3.830e+01) (4.793e-01 2.304e-02 7.431e-03) (0.000e+00 0.000e+00 0.000e+00)) ((8.615e+00 5.178e+01 -4.772e+00) (3.807e-03 -1.035e-01 1.929e-01) (0.000e+00 0.000e+00 0.000e+00))
65        	((3.626e+00 -3.049e+00 -3.865e+01) (4.823e-01 2.307e-02 7.025e-03) (0.000e+00 0.000e+00 0.000e+00)) ((8.680e+00 5.256e+01 -4.636e+00) (3.940e-03 -1.033e-01 1.938e-01) (0.000e+00 0.000e+00 0.000e+00))
66        	((3.759e+00 -2.970e+00 -3.911e+01) (4.854e-01 2.311e-02 6.603e-03) (0.000e+00 0.000e+00 0.000e+00)) ((8.767e+00 5.344e+01 -4.480e+00) (4.102e-03 -1.029e-01 1.949e-01) (0.000e+00 0.000e+00 0.000e+00))
67        	((3.892e+00 -2.893e+00 -3.966e+01) (4.886e-01 2.319e-02 6.191e-03) (0.000e+00 0.000e+00 0.000e+00)) ((8.874e+00 5.440e+01 -4.322e+00) (4.286e-03 -1.026e-01 1.960e-01) (0.000e+00 0.000e+00 0.000e+00))
68        	((4.009e+00 -2.830e+00 -4.026e+01) (4.919e-01 2.331e-02 5.829e-03) (0.000e+00 0.000e+00 0.000e+00)) ((8.991e+00 5.537e+01 -4.192e+00) (4.473e-03 -1.024e-01 1.971e-01) (0.000e+00 0.000e+00 0.000e+00))
69        	((4.104e+00 -2.788e+00 -4.086e+01) (4.952e-01 2.347e-02 5.570e-03) (0.000e+00 0.000e+00 0.000e+00)) ((9.111e+00 5.626e+01 -4.104e+00) (4.639e-03 -1.023e-01 1.982e-01) (0.000e+00 0.000e+00 0.000e+00))
70        	((4.172e+00 -2.765e+00 -4.135e+01) (4.984e-01 2.368e-02 5.452e-03) (0.000e+00 0.000e+00 0.000e+00)) ((9.214e+00 5.697e+01 -4.056e+00) (4.764e-03 -1.025e-01 1.993e-01) (0.000e+00 0.000e+00 0.000e+00))
71        	((4.220e+00 -2.752e+00 -4.177e+01) (5.016e-01 2.393e-02 5.488e-03) (0.000e+00 0.000e+00 0.000e+00)) ((9.304e+00 5.753e+01 -4.028e+00) (4.836e-03 -1.029e-01 2.004e-01) (0.000e+00 0.000e+00 0.000e+00))
72        	((4.248e+00 -2.752e+00 -4.212e+01) (5.048e-01 2.420e-02 5.641e-03) (0.000e+00 0.000e+00 0.000e+00)) ((9.385e+00 5.796e+01 -4.022e+00) (4.867e-03 -1.035e-01 2.016e-01) (0.000e+00 0.000e+00 0.000e+00))
73        	((4.258e+00 -2.767e+00 -4.239e+01) (5.081e-01 2.447e-02 5.878e-03) (0.000e+00 0.000e+00 0.000e+00)) ((9.450e+00 5.822e+01 -4.044e+00) (4.867e-03 -1.043e-01 2.027e-01) (0.000e+00 0.000e+00 0.000e+00))
74        	((4.251e+00 -2.806e+00 -4.256e+01) (5.114e-01 2.477e-02 6.213e-03) (0.000e+00 0.000e+00 0.000e+00)) ((9.503e+00 5.833e+01 -4.113e+00) (4.836e-03 -1.053e-01 2.039e-01) (0.000e+00 0.000e+00 0.000e+00))
75        	((4.224e+00 -2.876e+00 -4.274e+01) (5.148e-01 2.508e-02 6.656e-03) (0.000e+00 0.000e+00 0.000e+00)) ((9.570e+00 5.833e+01 -4.239e+00) (4.765e-03 -1.065e-01 2.051e-01) (0.000e+00 0.000e+00 0.000e+00))
76        	((4.178e+00 -2.963e+00 -4.290e+01) (5.183e-01 2.542e-02 7.210e-03) (0.000e+00 0.000e+00 0.000e+00)) ((9.646e+00 5.824e+01 -4.396e+00) (4.656e-03 -1.080e-01 2.063e-01) (0.000e+00 0.000e+00 0.000e+00))
77        	((4.121e+00 -3.052e+00 -4.301e+01) (5.216e-01 2.582e-02 7.825e-03) (0.000e+00 0.000e+00 0.000e+00)) ((9.708e+00 5.805e+01 -4.555e+00) (4.532e-03 -1.096e-01 2.076e-01) (0.000e+00 0.000e+00 0.000e+00))
78        	((4.052e+00 -3.129e+00 -4.317e+01) (5.249e-01 2.635e-02 8.414e-03) (0.000e+00 0.000e+00 0.000e+00)) ((9.783e+00 5.785e+01 -4.692e+00) (4.436e-03 -1.112e-01 2.090e-01) (0.000e+00 0.000e+00 0.000e+00))
79        	((3.988e+00 -3.184e+00 -4.327e+01) (5.280e-01 2.706e-02 8.914e-03) (0.000e+00 0.000e+00 0.000e+00)) ((9.836e+00 5.762e+01 -4.787e+00) (4.406e-03 -1.128e-01 2.105e-01) (0.000e+00 0.000e+00 0.000e+00))
80        	((3.943e+00 -3.211e+00 -4.324e+01) (5.309e-01 2.791e-02 9.319e-03) (0.000e+00 0.000e+00 0.000e+00)) ((9.842e+00 5.739e+01 -4.837e+00) (4.440e-03 -1.143e-01 2.120e-01) (0.000e+00 0.000e+00 0.000e+00))
81        	((3.911e+00 -3.211e+00 -4.312e+01) (5.337e-01 2.880e-02 9.651e-03) (0.000e+00 0.000e+00 0.000e+00)) ((9.824e+00 5.715e+01 -4.845e+00) (4.514e-03 -1.156e-01 2.135e-01) (0.000e+00 0.000e+00 0.000e+00))
82        	((3.893e+00 -3.181e+00 -4.285e+01) (5.363e-01 2.961e-02 9.949e-03) (0.000e+00 0.000e+00 0.000e+00)) ((9.774e+00 5.689e+01 -4.812e+00) (4.590e-03 -1.169e-01 2.148e-01) (0.000e+00 0.000e+00 0.000e+00))
83        	((3.888e+00 -3.138e+00 -4.258e+01) (5.389e-01 3.021e-02 1.022e-02) (0.000e+00 0.000e+00 0.000e+00)) ((9.718e+00 5.670e+01 -4.767e+00) (4.638e-03 -1.181e-01 2.160e-01) (0.000e+00 0.000e+00 0.000e+00))
84        	((3.889e+00 -3.078e+00 -4.225e+01) (5.414e-01 3.057e-02 1.045e-02) (0.000e+00 0.000e+00 0.000e+00)) ((9.651e+00 5.652e+01 -4.697e+00) (4.655e-03 -1.191e-01 2.172e-01) (0.000e+00 0.000e+00 0.000e+00))
85        	((3.895e+00 -3.003e+00 -4.182e+01) (5.440e-01 3.066e-02 1.062e-02) (0.000e+00 0.000e+00 0.000e+00)) ((9.552e+00 5.628e+01 -4.599e+00) (4.634e-03 -1.201e-01 2.181e-01) (0.000e+00 0.000e+00 0.000e+00))
86        	((3.900e+00 -2.931e+00 -4.150e+01) (5.467e-01 3.050e-02 1.074e-02) (0.000e+00 0.000e+00 0.000e+00)) ((9.479e+00 5.611e+01 -4.500e+00) (4.589e-03 -1.209e-01 2.190e-01) (0.000e+00 0.000e+00 0.000e+00))
87        	((3.908e+00 -2.869e+00 -4.129e+01) (5.492e-01 3.015e-02 1.084e-02) (0.000e+00 0.000e+00 0.000e+00)) ((9.434e+00 5.601e+01 -4.411e+00) (4.515e-03 -1.215e-01 2.196e-01) (0.000e+00 0.000e+00 0.000e+00))
88        	((3.918e+00 -2.815e+00 -4.105e+01) (5.516e-01 2.969e-02 1.099e-02) (0.000e+00 0.000e+00 0.000e+00)) ((9.382e+00 5.589e+01 -4.325e+00) (4.399e-03 -1.221e-01 2.201e-01) (0.000e+00 0.000e+00 0.000e+00))
89        	((3.929e+00 -2.790e+00 -4.099e+01) (5.538e-01 2.922e-02 1.123e-02) (0.000e+00 0.000e+00 0.000e+00)) ((9.376e+00 5.588e+01 -4.279e+00) (4.250e-03 -1.227e-01 2.204e-01) (0.000e+00 0.000e+00 0.000e+00))
90        	((3.936e+00 -2.789e+00 -4.103e+01) (5.559e-01 2.881e-02 1.155e-02) (0.000e+00 0.000e+00 0.000e+00)) ((9.396e+00 5.594e+01 -4.269e+00) (4.077e-03 -1.233e-01 2.207e-01) (0.000e+00 0.000e+00 0.000e+00))
91        	((3.938e+00 -2.800e+00 -4.112e+01) (5.578e-01 2.844e-02 1.193e-02) (0.000e+00 0.000e+00 0.000e+00)) ((9.432e+00 5.601e+01 -4.279e+00) (3.890e-03 -1.239e-01 2.209e-01) (0.000e+00 0.000e+00 0.000e+00))
92        	((3.924e+00 -2.824e+00 -4.125e+01) (5.598e-01 2.810e-02 1.232e-02) (0.000e+00 0.000e+00 0.000e+00)) ((9.482e+00 5.605e+01 -4.312e+00) (3.713e-03 -1.244e-01 2.212e-01) (0.000e+00 0.000e+00 0.000e+00))
93        	((3.904e+00 -2.863e+00 -4.132e+01) (5.617e-01 2.779e-02 1.266e-02) (0.000e+00 0.000e+00 0.000e+00)) ((9.513e+00 5.602e+01 -4.369e+00) (3.561e-03 -1.249e-01 2.214e-01) (0.000e+00 0.000e+00 0.000e+00))
94        	((3.868e+00 -2.922e+00 -4.153e+01) (5.636e-01 2.747e-02 1.292e-02) (0.000e+00 0.000e+00 0.000e+00)) ((9.590e+00 5.601e+01 -4.460e+00) (3.441e-03 -1.253e-01 2.216e-01) (0.000e+00 0.000e+00 0.000e+00))
95        	((3.840e+00 -3.003e+00 -4.189e+01) (5.654e-01 2.719e-02 1.309e-02) (0.000e+00 0.000e+00 0.000e+00)) ((9.700e+00 5.617e+01 -4.581e+00) (3.357e-03 -1.257e-01 2.219e-01) (0.000e+00 0.000e+00 0.000e+00))
96        	((3.828e+00 -3.101e+00 -4.230e+01) (5.671e-01 2.698e-02 1.317e-02) (0.000e+00 0.000e+00 0.000e+00)) ((9.805e+00 5.643e+01 -4.722e+00) (3.322e-03 -1.260e-01 2.222e-01) (0.000e+00 0.000e+00 0.000e+00))
97        	((3.822e+00 -3.212e+00 -4.303e+01) (5.686e-01 2.692e-02 1.311e-02) (0.000e+00 0.000e+00 0.000e+00)) ((9.989e+00 5.699e+01 -4.878e+00) (3.362e-03 -1.263e-01 2.227e-01) (0.000e+00 0.000e+00 0.000e+00))
98        	((3.825e+00 -3.318e+00 -4.410e+01) (5.699e-01 2.711e-02 1.295e-02) (0.000e+00 0.000e+00 0.000e+00)) ((1.024e+01 5.786e+01 -5.019e+00) (3.489e-03 -1.266e-01 2.233e-01) (0.000e+00 0.000e+00 0.000e+00))
99        	((3.847e+00 -3.400e+00 -4.482e+01) (5.712e-01 2.763e-02 1.276e-02) (0.000e+00 0.000e+00 0.000e+00)) ((1.039e+01 5.853e+01 -5.125e+00) (3.684e-03 -1.268e-01 2.241e-01) (0.000e+00 0.000e+00 0.000e+00))
100       	((3.891e+00 -3.461e+00 -4.558e+01) (5.724e-01 2.847e-02 1.258e-02) (0.000e+00 0.000e+00 0.000e+00)) ((1.054e+01 5.933e+01 -5.198e+00) (3.932e-03 -1.271e-01 2.251e-01) (0.000e+00 0.000e+00 0.000e+00))
101       	((3.956e+00 -3.490e+00 -4.600e+01) (5.736e-01 2.949e-02 1.245e-02) (0.000e+00 0.000e+00 0.000e+00)) ((1.059e+01 5.996e+01 -5.230e+00) (4.200e-03 -1.274e-01 2.262e-01) (0.000e+00 0.000e+00 0.000e+00))
102       	((4.024e+00 -3.486e+00 -4.598e+01) (5.749e-01 3.048e-02 1.239e-02) (0.000e+00 0.000e+00 0.000e+00)) ((1.055e+01 6.022e+01 -5.228e+00) (4.443e-03 -1.278e-01 2.272e-01) (0.000e+00 0.000e+00 0.000e+00))
103       	((4.119e+00 -3.458e+00 -4.563e+01) (5.760e-01 3.136e-02 1.236e-02) (0.000e+00 0.000e+00 0.000e+00)) ((1.041e+01 6.031e+01 -5.194e+00) (4.659e-03 -1.281e-01 2.281e-01) (0.000e+00 0.000e+00 0.000e+00))
104       	((4.214e+00 -3.408e+00 -4.503e+01) (5.771e-01 3.202e-02 1.233e-02) (0.000e+00 0.000e+00 0.000e+00)) ((1.023e+01 6.017e+01 -5.139e+00) (4.844e-03 -1.284e-01 2.288e-01) (0.000e+00 0.000e+00 0.000e+00))
105       	((4.291e+00 -3.354e+00 -4.460e+01) (5.783e-01 3.242e-02 1.224e-02) (0.000e+00 0.000e+00 0.000e+00)) ((1.012e+01 6.007e+01 -5.085e+00) (5.001e-03 -1.285e-01 2.294e-01) (0.000e+00 0.000e+00 0.000e+00))
106       	((4.371e+00 -3.303e+00 -4.409e+01) (5.794e-01 3.262e-02 1.202e-02) (0.000e+00 0.000e+00 0.000e+00)) ((9.984e+00 5.988e+01 -5.036e+00) (5.171e-03 -1.284e-01 2.298e-01) (0.000e+00 0.000e+00 0.000e+00))
107       	((4.439e+00 -3.266e+00 -4.367e+01) (5.806e-01 3.271e-02 1.167e-02) (0.000e+00 0.000e+00 0.000e+00)) ((9.892e+00 5.970e+01 -5.011e+00) (5.361e-03 -1.281e-01 2.303e-01) (0.000e+00 0.000e+00 0.000e+00))
108       	((4.478e+00 -3.250e+00 -4.352e+01) (5.816e-01 3.274e-02 1.116e-02) (0.000e+00 0.000e+00 0.000e+00)) ((9.882e+00 5.964e+01 -5.017e+00) (5.588e-03 -1.275e-01 2.306e-01) (0.000e+00 0.000e+00 0.000e+00))
109       	((4.516e+00 -3.259e+00 -4.338e+01) (5.826e-01 3.273e-02 1.051e-02) (0.000e+00 0.000e+00 0.000e+00)) ((9.868e+00 5.957e+01 -5.057e+00) (5.853e-03 -1.265e-01 2.309e-01) (0.000e+00 0.000e+00 0.000e+00))
110       	((4.536e+00 -3.287e+00 -4.325e+01) (5.833e-01 3.275e-02 9.789e-03) (0.000e+00 0.000e+00 0.000e+00)) ((9.845e+00 5.945e+01 -5.119e+00) (6.142e-03 -1.253e-01 2.311e-01) (0.000e+00 0.000e+00 0.000e+00))
111       	((4.528e+00 -3.316e+00 -4.311e+01) (5.839e-01 3.281e-02 9.077e-03) (0.000e+00 0.000e+00 0.000e+00)) ((9.817e+00 5.923e+01 -5.186e+00) (6.431e-03 -1.239e-01 2.312e-01) (0.000e+00 0.000e+00 0.000e+00))
112       	((4.507e+00 -3.351e+00 -4.295e+01) (5.845e-01 3.294e-02 8.413e-03) (0.000e+00 0.000e+00 0.000e+00)) ((9.783e+00 5.893e+01 -5.263e+00) (6.703e-03 -1.226e-01 2.314e-01) (0.000e+00 0.000e+00 0.000e+00))
113       	((4.473e+00 -3.383e+00 -4.273e+01) (5.850e-01 3.314e-02 7.858e-03) (0.000e+00 0.000e+00 0.000e+00)) ((9.743e+00 5.853e+01 -5.337e+00) (6.935e-03 -1.214e-01 2.318e-01) (0.000e+00 0.000e+00 0.000e+00))
114       	((4.436e+00 -3.414e+00 -4.256e+01) (5.856e-01 3.339e-02 7.452e-03) (0.000e+00 0.000e+00 0.000e+00)) ((9.722e+00 5.819e+01 -5.404e+00) (7.115e-03 -1.205e-01 2.323e-01) (0.000e+00 0.000e+00 0.000e+00))
115       	((4.398e+00 -3.445e+00 -4.245e+01) (5.864e-01 3.369e-02 7.223e-03) (0.000e+00 0.000e+00 0.000e+00)) ((9.716e+00 5.791e+01 -5.464e+00) (7.231e-03 -1.199e-01 2.331e-01) (0.000e+00 0.000e+00 0.000e+00))
116       	((4.343e+00 -3.461e+00 -4.243e+01) (5.873e-01 3.398e-02 7.220e-03) (0.000e+00 0.000e+00 0.000e+00)) ((9.750e+00 5.765e+01 -5.489e+00) (7.266e-03 -1.198e-01 2.339e-01) (0.000e+00 0.000e+00 0.000e+00))
117       	((4.303e+00 -3.466e+00 -4.249e+01) (5.885e-01 3.424e-02 7.410e-03) (0.000e+00 0.000e+00 0.000e+00)) ((9.784e+00 5.754e+01 -5.483e+00) (7.243e-03 -1.202e-01 2.347e-01) (0.000e+00 0.000e+00 0.000e+00))
118       	((4.274e+00 -3.462e+00 -4.259e+01) (5.898e-01 3.441e-02 7.791e-03) (0.000e+00 0.000e+00 0.000e+00)) ((9.813e+00 5.754e+01 -5.450e+00) (7.155e-03 -1.209e-01 2.352e-01) (0.000e+00 0.000e+00 0.000e+00))
119       	((4.241e+00 -3.434e+00 -4.286e+01) (5.910e-01 3.461e-02 8.301e-03) (0.000e+00 0.000e+00 0.000e+00)) ((9.885e+00 5.769e+01 -5.361e+00) (7.035e-03 -1.219e-01 2.358e-01) (0.000e+00 0.000e+00 0.000e+00))
120       	((4.227e+00 -3.401e+00 -4.314e+01) (5.921e-01 3.486e-02 8.800e-03) (0.000e+00 0.000e+00 0.000e+00)) ((9.942e+00 5.794e+01 -5.261e+00) (6.937e-03 -1.230e-01 2.361e-01) (0.000e+00 0.000e+00 0.000e+00))
121       	((4.227e+00 -3.373e+00 -4.339e+01) (5.930e-01 3.517e-02 9.269e-03) (0.000e+00 0.000e+00 0.000e+00)) ((9.985e+00 5.821e+01 -5.171e+00) (6.866e-03 -1.242e-01 2.364e-01) (0.000e+00 0.000e+00 0.000e+00))
122       	((4.238e+00 -3.350e+00 -4.380e+01) (5.938e-01 3.563e-02 9.680e-03) (0.000e+00 0.000e+00 0.000e+00)) ((1.005e+01 5.867e+01 -5.092e+00) (6.840e-03 -1.253e-01 2.368e-01) (0.000e+00 0.000e+00 0.000e+00))
123       	((4.262e+00 -3.333e+00 -4.411e+01) (5.947e-01 3.615e-02 1.008e-02) (0.000e+00 0.000e+00 0.000e+00)) ((1.010e+01 5.905e+01 -5.042e+00) (6.833e-03 -1.264e-01 2.371e-01) (0.000e+00 0.000e+00 0.000e+00))
124       	((4.294e+00 -3.317e+00 -4.428e+01) (5.956e-01 3.658e-02 1.050e-02) (0.000e+00 0.000e+00 0.000e+00)) ((1.013e+01 5.932e+01 -5.012e+00) (6.805e-03 -1.276e-01 2.373e-01) (0.000e+00 0.000e+00 0.000e+00))
125       	((4.355e+00 -3.303e+00 -4.443e+01) (5.966e-01 3.690e-02 1.098e-02) (0.000e+00 0.000e+00 0.000e+00)) ((1.014e+01 5.965e+01 -4.995e+00) (6.747e-03 -1.289e-01 2.376e-01) (0.000e+00 0.000e+00 0.000e+00))
126       	((4.416e+00 -3.270e+00 -4.437e+01) (5.977e-01 3.707e-02 1.155e-02) (0.000e+00 0.000e+00 0.000e+00)) ((1.013e+01 5.979e+01 -4.958e+00) (6.637e-03 -1.303e-01 2.377e-01) (0.000e+00 0.000e+00 0.000e+00))
127       	((4.471e+00 -3.230e+00 -4.426e+01) (5.990e-01 3.694e-02 1.221e-02) (0.000e+00 0.000e+00 0.000e+00)) ((1.011e+01 5.985e+01 -4.915e+00) (6.440e-03 -1.319e-01 2.377e-01) (0.000e+00 0.000e+00 0.000e+00))
128       	((4.538e+00 -3.186e+00 -4.393e+01) (6.003e-01 3.656e-02 1.287e-02) (0.000e+00 0.000e+00 0.000e+00)) ((1.004e+01 5.976e+01 -4.867e+00) (6.199e-03 -1.335e-01 2.375e-01) (0.000e+00 0.000e+00 0.000e+00))
129       	((4.586e+00 -3.140e+00 -4.344e+01) (6.016e-01 3.597e-02 1.351e-02) (0.000e+00 0.000e+00 0.000e+00)) ((9.940e+00 5.944e+01 -4.815e+00) (5.926e-03 -1.350e-01 2.371e-01) (0.000e+00 0.000e+00 0.000e+00))
130       	((4.604e+00 -3.109e+00 -4.308e+01) (6.030e-01 3.526e-02 1.411e-02) (0.000e+00 0.000e+00 0.000e+00)) ((9.875e+00 5.912e+01 -4.783e+00) (5.635e-03 -1.363e-01 2.367e-01) (0.000e+00 0.000e+00 0.000e+00))
131       	((4.597e+00 -3.088e+00 -4.244e+01) (6.043e-01 3.451e-02 1.468e-02) (0.000e+00 0.000e+00 0.000e+00)) ((9.751e+00 5.843e+01 -4.773e+00) (5.337e-03 -1.375e-01 2.361e-01) (0.000e+00 0.000e+00 0.000e+00))
132       	((4.563e+00 -3.089e+00 -4.205e+01) (6.056e-01 3.384e-02 1.524e-02) (0.000e+00 0.000e+00 0.000e+00)) ((9.688e+00 5.788e+01 -4.789e+00) (5.038e-03 -1.385e-01 2.357e-01) (0.000e+00 0.000e+00 0.000e+00))
133       	((4.489e+00 -3.109e+00 -4.134e+01) (6.068e-01 3.322e-02 1.578e-02) (0.000e+00 0.000e+00 0.000e+00)) ((9.565e+00 5.685e+01 -4.846e+00) (4.736e-03 -1.394e-01 2.352e-01) (0.000e+00 0.000e+00 0.000e+00))
134       	((4.417e+00 -3.128e+00 -4.104e+01) (6.080e-01 3.277e-02 1.634e-02) (0.000e+00 0.000e+00 0.000e+00)) ((9.520e+00 5.627e+01 -4.881e+00) (4.439e-03 -1.404e-01 2.350e-01) (0.000e+00 0.000e+00 0.000e+00))
135       	((4.320e+00 -3.149e+00 -4.097e+01) (6.090e-01 3.248e-02 1.686e-02) (0.000e+00 0.000e+00 0.000e+00)) ((9.538e+00 5.578e+01 -4.919e+00) (4.167e-03 -1.413e-01 2.349e-01) (0.000e+00 0.000e+00 0.000e+00))
136       	((4.232e+00 -3.150e+00 -4.101e+01) (6.099e-01 3.229e-02 1.730e-02) (0.000e+00 0.000e+00 0.000e+00)) ((9.566e+00 5.547e+01 -4.909e+00) (3.940e-03 -1.421e-01 2.349e-01) (0.000e+00 0.000e+00 0.000e+00))
137       	((4.158e+00 -3.142e+00 -4.103e+01) (6.105e-01 3.217e-02 1.762e-02) (0.000e+00 0.000e+00 0.000e+00)) ((9.573e+00 5.524e+01 -4.879e+00) (3.769e-03 -1.428e-01 2.348e-01) (0.000e+00 0.000e+00 0.000e+00))
138       	((4.080e+00 -3.139e+00 -4.113e+01) (6.109e-01 3.216e-02 1.783e-02) (0.000e+00 0.000e+00 0.000e+00)) ((9.596e+00 5.511e+01 -4.852e+00) (3.659e-03 -1.432e-01 2.349e-01) (0.000e+00 0.000e+00 0.000e+00))
139       	((4.038e+00 -3.145e+00 -4.124e+01) (6.110e-01 3.227e-02 1.792e-02) (0.000e+00 0.000e+00 0.000e+00)) ((9.600e+00 5.517e+01 -4.833e+00) (3.625e-03 -1.435e-01 2.350e-01) (0.000e+00 0.000e+00 0.000e+00))
140       	((4.023e+00 -3.168e+00 -4.137e+01) (6.108e-01 3.247e-02 1.790e-02) (0.000e+00 0.000e+00 0.000e+00)) ((9.593e+00 5.538e+01 -4.846e+00) (3.650e-03 -1.435e-01 2.350e-01) (0.000e+00 0.000e+00 0.000e+00))
141       	((4.026e+00 -3.199e+00 -4.165e+01) (6.104e-01 3.280e-02 1.782e-02) (0.000e+00 0.000e+00 0.000e+00)) ((9.608e+00 5.585e+01 -4.868e+00) (3.727e-03 -1.434e-01 2.352e-01) (0.000e+00 0.000e+00 0.000e+00))
142       	((4.053e+00 -3.233e+00 -4.204e+01) (6.098e-01 3.323e-02 1.771e-02) (0.000e+00 0.000e+00 0.000e+00)) ((9.650e+00 5.648e+01 -4.903e+00) (3.830e-03 -1.434e-01 2.354e-01) (0.000e+00 0.000e+00 0.000e+00))
143       	((4.098e+00 -3.259e+00 -4.244e+01) (6.091e-01 3.370e-02 1.755e-02) (0.000e+00 0.000e+00 0.000e+00)) ((9.703e+00 5.711e+01 -4.933e+00) (3.959e-03 -1.433e-01 2.355e-01) (0.000e+00 0.000e+00 0.000e+00))
144       	((4.170e+00 -3.267e+00 -4.301e+01) (6.083e-01 3.420e-02 1.733e-02) (0.000e+00 0.000e+00 0.000e+00)) ((9.796e+00 5.801e+01 -4.932e+00) (4.112e-03 -1.431e-01 2.358e-01) (0.000e+00 0.000e+00 0.000e+00))
145       	((4.255e+00 -3.257e+00 -4.365e+01) (6.076e-01 3.465e-02 1.705e-02) (0.000e+00 0.000e+00 0.000e+00)) ((9.916e+00 5.898e+01 -4.910e+00) (4.281e-03 -1.428e-01 2.361e-01) (0.000e+00 0.000e+00 0.000e+00))
146       	((4.328e+00 -3.226e+00 -4.411e+01) (6.071e-01 3.499e-02 1.672e-02) (0.000e+00 0.000e+00 0.000e+00)) ((1.002e+01 5.967e+01 -4.865e+00) (4.455e-03 -1.424e-01 2.363e-01) (0.000e+00 0.000e+00 0.000e+00))
147       	((4.417e+00 -3.180e+00 -4.466e+01) (6.068e-01 3.525e-02 1.635e-02) (0.000e+00 0.000e+00 0.000e+00)) ((1.014e+01 6.048e+01 -4.795e+00) (4.629e-03 -1.420e-01 2.367e-01) (0.000e+00 0.000e+00 0.000e+00))
148       	((4.498e+00 -3.121e+00 -4.513e+01) (6.069e-01 3.542e-02 1.600e-02) (0.000e+00 0.000e+00 0.000e+00)) ((1.026e+01 6.114e+01 -4.704e+00) (4.792e-03 -1.417e-01 2.371e-01) (0.000e+00 0.000e+00 0.000e+00))
149       	((4.555e+00 -3.047e+00 -4.526e+01) (6.073e-01 3.545e-02 1.573e-02) (0.000e+00 0.000e+00 0.000e+00)) ((1.030e+01 6.139e+01 -4.588e+00) (4.912e-03 -1.415e-01 2.374e-01) (0.000e+00 0.000e+00 0.000e+00))
150       	((4.608e+00 -2.970e+00 -4.521e+01) (6.081e-01 3.539e-02 1.556e-02) (0.000e+00 0.000e+00 0.000e+00)) ((1.031e+01 6.145e+01 -4.459e+00) (4.991e-03 -1.414e-01 2.377e-01) (0.000e+00 0.000e+00 0.000e+00))
151       	((4.646e+00 -2.903e+00 -4.508e+01) (6.093e-01 3.525e-02 1.542e-02) (0.000e+00 0.000e+00 0.000e+00)) ((1.029e+01 6.140e+01 -4.340e+00) (5.047e-03 -1.413e-01 2.380e-01) (0.000e+00 0.000e+00 0.000e+00))
152       	((4.698e+00 -2.843e+00 -4.469e+01) (6.108e-01 3.501e-02 1.533e-02) (0.000e+00 0.000e+00 0.000e+00)) ((1.023e+01 6.114e+01 -4.232e+00) (5.066e-03 -1.412e-01 2.381e-01) (0.000e+00 0.000e+00 0.000e+00))
153       	((4.710e+00 -2.805e+00 -4.448e+01) (6.125e-01 3.470e-02 1.523e-02) (0.000e+00 0.000e+00 0.000e+00)) ((1.020e+01 6.094e+01 -4.155e+00) (5.081e-03 -1.411e-01 2.382e-01) (0.000e+00 0.000e+00 0.000e+00))
154       	((4.702e+00 -2.783e+00 -4.429e+01) (6.142e-01 3.436e-02 1.513e-02) (0.000e+00 0.000e+00 0.000e+00)) ((1.018e+01 6.069e+01 -4.107e+00) (5.081e-03 -1.409e-01 2.381e-01) (0.000e+00 0.000e+00 0.000e+00))
155       	((4.677e+00 -2.765e+00 -4.408e+01) (6.159e-01 3.398e-02 1.503e-02) (0.000e+00 0.000e+00 0.000e+00)) ((1.017e+01 6.032e+01 -4.069e+00) (5.062e-03 -1.406e-01 2.381e-01) (0.000e+00 0.000e+00 0.000e+00))
156       	((4.638e+00 -2.771e+00 -4.394e+01) (6.173e-01 3.364e-02 1.492e-02) (0.000e+00 0.000e+00 0.000e+00)) ((1.014e+01 6.001e+01 -4.065e+00) (5.045e-03 -1.402e-01 2.381e-01) (0.000e+00 0.000e+00 0.000e+00))
157       	((4.589e+00 -2.786e+00 -4.384e+01) (6.185e-01 3.336e-02 1.484e-02) (0.000e+00 0.000e+00 0.000e+00)) ((1.012e+01 5.968e+01 -4.074e+00) (5.020e-03 -1.400e-01 2.381e-01) (0.000e+00 0.000e+00 0.000e+00))
158       	((4.519e+00 -2.816e+00 -4.382e+01) (6.195e-01 3.317e-02 1.469e-02) (0.000e+00 0.000e+00 0.000e+00)) ((1.012e+01 5.933e+01 -4.103e+00) (5.038e-03 -1.396e-01 2.381e-01) (0.000e+00 0.000e+00 0.000e+00))
159       	((4.485e+00 -2.856e+00 -4.382e+01) (6.203e-01 3.312e-02 1.453e-02) (0.000e+00 0.000e+00 0.000e+00)) ((1.011e+01 5.920e+01 -4.149e+00) (5.091e-03 -1.393e-01 2.381e-01) (0.000e+00 0.000e+00 0.000e+00))
160       	((4.453e+00 -2.912e+00 -4.405e+01) (6.209e-01 3.320e-02 1.432e-02) (0.000e+00 0.000e+00 0.000e+00)) ((1.015e+01 5.930e+01 -4.214e+00) (5.198e-03 -1.390e-01 2.382e-01) (0.000e+00 0.000e+00 0.000e+00))
161       	((4.434e+00 -2.944e+00 -4.419e+01) (6.213e-01 3.341e-02 1.410e-02) (0.000e+00 0.000e+00 0.000e+00)) ((1.017e+01 5.938e+01 -4.245e+00) (5.335e-03 -1.387e-01 2.383e-01) (0.000e+00 0.000e+00 0.000e+00))
162       	((4.420e+00 -2.976e+00 -4.462e+01) (6.215e-01 3.375e-02 1.382e-02) (0.000e+00 0.000e+00 0.000e+00)) ((1.025e+01 5.978e+01 -4.272e+00) (5.536e-03 -1.383e-01 2.384e-01) (0.000e+00 0.000e+00 0.000e+00))
163       	((4.424e+00 -2.981e+00 -4.484e+01) (6.216e-01 3.418e-02 1.354e-02) (0.000e+00 0.000e+00 0.000e+00)) ((1.028e+01 6.006e+01 -4.264e+00) (5.750e-03 -1.379e-01 2.385e-01) (0.000e+00 0.000e+00 0.000e+00))
164       	((4.442e+00 -2.977e+00 -4.506e+01) (6.215e-01 3.462e-02 1.324e-02) (0.000e+00 0.000e+00 0.000e+00)) ((1.033e+01 6.039e+01 -4.247e+00) (5.978e-03 -1.376e-01 2.387e-01) (0.000e+00 0.000e+00 0.000e+00))
165       	((4.483e+00 -2.969e+00 -4.537e+01) (6.213e-01 3.505e-02 1.291e-02) (0.000e+00 0.000e+00 0.000e+00)) ((1.039e+01 6.095e+01 -4.223e+00) (6.213e-03 -1.371e-01 2.389e-01) (0.000e+00 0.000e+00 0.000e+00))
166       	((4.526e+00 -2.958e+00 -4.561e+01) (6.210e-01 3.538e-02 1.261e-02) (0.000e+00 0.000e+00 0.000e+00)) ((1.044e+01 6.136e+01 -4.211e+00) (6.417e-03 -1.367e-01 2.390e-01) (0.000e+00 0.000e+00 0.000e+00))
167       	((4.586e+00 -2.951e+00 -4.586e+01) (6.206e-01 3.558e-02 1.232e-02) (0.000e+00 0.000e+00 0.000e+00)) ((1.050e+01 6.184e+01 -4.211e+00) (6.594e-03 -1.364e-01 2.390e-01) (0.000e+00 0.000e+00 0.000e+00))
168       	((4.669e+00 -2.941e+00 -4.618e+01) (6.202e-01 3.572e-02 1.210e-02) (0.000e+00 0.000e+00 0.000e+00)) ((1.057e+01 6.248e+01 -4.208e+00) (6.734e-03 -1.361e-01 2.390e-01) (0.000e+00 0.000e+00 0.000e+00))
169       	((4.757e+00 -2.921e+00 -4.649e+01) (6.199e-01 3.578e-02 1.198e-02) (0.000e+00 0.000e+00 0.000e+00)) ((1.064e+01 6.311e+01 -4.192e+00) (6.825e-03 -1.360e-01 2.390e-01) (0.000e+00 0.000e+00 0.000e+00))
170       	((4.834e+00 -2.902e+00 -4.664e+01) (6.198e-01 3.574e-02 1.197e-02) (0.000e+00 0.000e+00 0.000e+00)) ((1.067e+01 6.352e+01 -4.181e+00) (6.861e-03 -1.361e-01 2.389e-01) (0.000e+00 0.000e+00 0.000e+00))
171       	((4.886e+00 -2.888e+00 -4.670e+01) (6.200e-01 3.561e-02 1.207e-02) (0.000e+00 0.000e+00 0.000e+00)) ((1.068e+01 6.373e+01 -4.179e+00) (6.843e-03 -1.363e-01 2.389e-01) (0.000e+00 0.000e+00 0.000e+00))
172       	((4.958e+00 -2.864e+00 -4.655e+01) (6.205e-01 3.544e-02 1.232e-02) (0.000e+00 0.000e+00 0.000e+00)) ((1.066e+01 6.382e+01 -4.162e+00) (6.757e-03 -1.368e-01 2.389e-01) (0.000e+00 0.000e+00 0.000e+00))
173       	((4.991e+00 -2.861e+00 -4.642e+01) (6.214e-01 3.526e-02 1.266e-02) (0.000e+00 0.000e+00 0.000e+00)) ((1.063e+01 6.378e+01 -4.177e+00) (6.641e-03 -1.375e-01 2.390e-01) (0.000e+00 0.000e+00 0.000e+00))
174       	((5.007e+00 -2.860e+00 -4.622e+01) (6.226e-01 3.509e-02 1.309e-02) (0.000e+00 0.000e+00 0.000e+00)) ((1.060e+01 6.360e+01 -4.195e+00) (6.492e-03 -1.383e-01 2.391e-01) (0.000e+00 0.000e+00 0.000e+00))
175       	((5.002e+00 -2.863e+00 -4.614e+01) (6.239e-01 3.496e-02 1.354e-02) (0.000e+00 0.000e+00 0.000e+00)) ((1.060e+01 6.345e+01 -4.215e+00) (6.345e-03 -1.392e-01 2.392e-01) (0.000e+00 0.000e+00 0.000e+00))
176       	((4.983e+00 -2.860e+00 -4.610e+01) (6.252e-01 3.483e-02 1.395e-02) (0.000e+00 0.000e+00 0.000e+00)) ((1.062e+01 6.327e+01 -4.218e+00) (6.204e-03 -1.400e-01 2.394e-01) (0.000e+00 0.000e+00 0.000e+00))
177       	((4.952e+00 -2.869e+00 -4.610e+01) (6.261e-01 3.471e-02 1.426e-02) (0.000e+00 0.000e+00 0.000e+00)) ((1.066e+01 6.305e+01 -4.240e+00) (6.095e-03 -1.406e-01 2.394e-01) (0.000e+00 0.000e+00 0.000e+00))
178       	((4.920e+00 -2.886e+00 -4.613e+01) (6.267e-01 3.470e-02 1.442e-02) (0.000e+00 0.000e+00 0.000e+00)) ((1.069e+01 6.288e+01 -4.264e+00) (6.053e-03 -1.409e-01 2.396e-01) (0.000e+00 0.000e+00 0.000e+00))
179       	((4.892e+00 -2.905e+00 -4.619e+01) (6.275e-01 3.472e-02 1.444e-02) (0.000e+00 0.000e+00 0.000e+00)) ((1.074e+01 6.276e+01 -4.284e+00) (6.056e-03 -1.410e-01 2.399e-01) (0.000e+00 0.000e+00 0.000e+00))
180       	((4.873e+00 -2.926e+00 -4.640e+01) (6.289e-01 3.483e-02 1.462e-02) (0.000e+00 0.000e+00 0.000e+00)) ((1.082e+01 6.277e+01 -4.301e+00) (6.013e-03 -1.414e-01 2.405e-01) (0.000e+00 0.000e+00 0.000e+00))
181       	((4.857e+00 -2.933e+00 -4.651e+01) (6.304e-01 3.491e-02 1.491e-02) (0.000e+00 0.000e+00 0.000e+00)) ((1.085e+01 6.274e+01 -4.288e+00) (5.922e-03 -1.421e-01 2.410e-01) (0.000e+00 0.000e+00 0.000e+00))
182       	((4.843e+00 -2.943e+00 -4.658e+01) (6.319e-01 3.502e-02 1.527e-02) (0.000e+00 0.000e+00 0.000e+00)) ((1.087e+01 6.270e+01 -4.287e+00) (5.819e-03 -1.429e-01 2.415e-01) (0.000e+00 0.000e+00 0.000e+00))
183       	((4.820e+00 -2.967e+00 -4.681e+01) (6.330e-01 3.521e-02 1.566e-02) (0.000e+00 0.000e+00 0.000e+00)) ((1.093e+01 6.274e+01 -4.314e+00) (5.727e-03 -1.438e-01 2.419e-01) (0.000e+00 0.000e+00 0.000e+00))
184       	((4.802e+00 -2.994e+00 -4.701e+01) (6.338e-01 3.546e-02 1.603e-02) (0.000e+00 0.000e+00 0.000e+00)) ((1.097e+01 6.282e+01 -4.351e+00) (5.662e-03 -1.447e-01 2.423e-01) (0.000e+00 0.000e+00 0.000e+00))
185       	((4.789e+00 -3.017e+00 -4.711e+01) (6.344e-01 3.575e-02 1.635e-02) (0.000e+00 0.000e+00 0.000e+00)) ((1.099e+01 6.286e+01 -4.386e+00) (5.633e-03 -1.455e-01 2.426e-01) (0.000e+00 0.000e+00 0.000e+00))
186       	((4.772e+00 -3.028e+00 -4.719e+01) (6.348e-01 3.606e-02 1.659e-02) (0.000e+00 0.000e+00 0.000e+00)) ((1.100e+01 6.288e+01 -4.406e+00) (5.646e-03 -1.461e-01 2.429e-01) (0.000e+00 0.000e+00 0.000e+00))
187       	((4.761e+00 -3.009e+00 -4.702e+01) (6.351e-01 3.635e-02 1.671e-02) (0.000e+00 0.000e+00 0.000e+00)) ((1.096e+01 6.273e+01 -4.379e+00) (5.698e-03 -1.465e-01 2.431e-01) (0.000e+00 0.000e+00 0.000e+00))
188       	((4.756e+00 -2.965e+00 -4.669e+01) (6.352e-01 3.660e-02 1.671e-02) (0.000e+00 0.000e+00 0.000e+00)) ((1.087e+01 6.247e+01 -4.313e+00) (5.782e-03 -1.467e-01 2.433e-01) (0.000e+00 0.000e+00 0.000e+00))
189       	((4.756e+00 -2.895e+00 -4.603e+01) (6.352e-01 3.677e-02 1.661e-02) (0.000e+00 0.000e+00 0.000e+00)) ((1.071e+01 6.198e+01 -4.200e+00) (5.875e-03 -1.467e-01 2.434e-01) (0.000e+00 0.000e+00 0.000e+00))
190       	((4.760e+00 -2.810e+00 -4.543e+01) (6.350e-01 3.684e-02 1.645e-02) (0.000e+00 0.000e+00 0.000e+00)) ((1.057e+01 6.155e+01 -4.060e+00) (5.955e-03 -1.465e-01 2.435e-01) (0.000e+00 0.000e+00 0.000e+00))
191       	((4.761e+00 -2.723e+00 -4.512e+01) (6.345e-01 3.683e-02 1.623e-02) (0.000e+00 0.000e+00 0.000e+00)) ((1.051e+01 6.134e+01 -3.916e+00) (6.029e-03 -1.461e-01 2.434e-01) (0.000e+00 0.000e+00 0.000e+00))
192       	((4.761e+00 -2.641e+00 -4.480e+01) (6.336e-01 3.671e-02 1.594e-02) (0.000e+00 0.000e+00 0.000e+00)) ((1.045e+01 6.113e+01 -3.779e+00) (6.087e-03 -1.455e-01 2.433e-01) (0.000e+00 0.000e+00 0.000e+00))
193       	((4.749e+00 -2.582e+00 -4.469e+01) (6.324e-01 3.653e-02 1.563e-02) (0.000e+00 0.000e+00 0.000e+00)) ((1.045e+01 6.102e+01 -3.683e+00) (6.121e-03 -1.448e-01 2.429e-01) (0.000e+00 0.000e+00 0.000e+00))
194       	((4.728e+00 -2.550e+00 -4.473e+01) (6.312e-01 3.640e-02 1.538e-02) (0.000e+00 0.000e+00 0.000e+00)) ((1.048e+01 6.098e+01 -3.633e+00) (6.125e-03 -1.442e-01 2.427e-01) (0.000e+00 0.000e+00 0.000e+00))
195       	((4.699e+00 -2.544e+00 -4.489e+01) (6.302e-01 3.629e-02 1.523e-02) (0.000e+00 0.000e+00 0.000e+00)) ((1.055e+01 6.100e+01 -3.630e+00) (6.093e-03 -1.437e-01 2.424e-01) (0.000e+00 0.000e+00 0.000e+00))
196       	((4.666e+00 -2.567e+00 -4.524e+01) (6.294e-01 3.612e-02 1.511e-02) (0.000e+00 0.000e+00 0.000e+00)) ((1.068e+01 6.116e+01 -3.680e+00) (6.038e-03 -1.433e-01 2.420e-01) (0.000e+00 0.000e+00 0.000e+00))
197       	((4.636e+00 -2.605e+00 -4.556e+01) (6.287e-01 3.589e-02 1.499e-02) (0.000e+00 0.000e+00 0.000e+00)) ((1.079e+01 6.133e+01 -3.757e+00) (5.983e-03 -1.429e-01 2.415e-01) (0.000e+00 0.000e+00 0.000e+00))
198       	((4.604e+00 -2.657e+00 -4.598e+01) (6.281e-01 3.566e-02 1.491e-02) (0.000e+00 0.000e+00 0.000e+00)) ((1.093e+01 6.157e+01 -3.858e+00) (5.921e-03 -1.427e-01 2.410e-01) (0.000e+00 0.000e+00 0.000e+00))
199       	((4.569e+00 -2.707e+00 -4.658e+01) (6.276e-01 3.542e-02 1.491e-02) (0.000e+00 0.000e+00 0.000e+00)) ((1.111e+01 6.196e+01 -3.950e+00) (5.833e-03 -1.425e-01 2.407e-01) (0.000e+00 0.000e+00 0.000e+00))
200       	((4.545e+00 -2.736e+00 -4.697e+01) (6.271e-01 3.517e-02 1.496e-02) (0.000e+00 0.000e+00 0.000e+00)) ((1.122e+01 6.221e+01 -3.993e+00) (5.729e-03 -1.424e-01 2.404e-01) (0.000e+00 0.000e+00 0.000e+00))
201       	((4.528e+00 -2.755e+00 -4.732e+01) (6.266e-01 3.480e-02 1.502e-02) (0.000e+00 0.000e+00 0.000e+00)) ((1.132e+01 6.245e+01 -4.004e+00) (5.610e-03 -1.424e-01 2.402e-01) (0.000e+00 0.000e+00 0.000e+00))
202       	((4.511e+00 -2.758e+00 -4.791e+01) (6.262e-01 3.444e-02 1.503e-02) (0.000e+00 0.000e+00 0.000e+00)) ((1.147e+01 6.290e+01 -3.976e+00) (5.520e-03 -1.423e-01 2.400e-01) (0.000e+00 0.000e+00 0.000e+00))
203       	((4.511e+00 -2.755e+00 -4.845e+01) (6.260e-01 3.415e-02 1.499e-02) (0.000e+00 0.000e+00 0.000e+00)) ((1.159e+01 6.336e+01 -3.921e+00) (5.475e-03 -1.423e-01 2.399e-01) (0.000e+00 0.000e+00 0.000e+00))
204       	((4.526e+00 -2.742e+00 -4.891e+01) (6.259e-01 3.405e-02 1.497e-02) (0.000e+00 0.000e+00 0.000e+00)) ((1.169e+01 6.383e+01 -3.847e+00) (5.464e-03 -1.424e-01 2.401e-01) (0.000e+00 0.000e+00 0.000e+00))
205       	((4.539e+00 -2.702e+00 -4.942e+01) (6.260e-01 3.409e-02 1.495e-02) (0.000e+00 0.000e+00 0.000e+00)) ((1.180e+01 6.432e+01 -3.722e+00) (5.486e-03 -1.425e-01 2.404e-01) (0.000e+00 0.000e+00 0.000e+00))
206       	((4.556e+00 -2.642e+00 -4.976e+01) (6.263e-01 3.435e-02 1.500e-02) (0.000e+00 0.000e+00 0.000e+00)) ((1.186e+01 6.467e+01 -3.573e+00) (5.522e-03 -1.428e-01 2.409e-01) (0.000e+00 0.000e+00 0.000e+00))
207       	((4.586e+00 -2.576e+00 -4.983e+01) (6.267e-01 3.478e-02 1.514e-02) (0.000e+00 0.000e+00 0.000e+00)) ((1.184e+01 6.485e+01 -3.428e+00) (5.552e-03 -1.433e-01 2.415e-01) (0.000e+00 0.000e+00 0.000e+00))
208       	((4.621e+00 -2.504e+00 -4.976e+01) (6.273e-01 3.530e-02 1.543e-02) (0.000e+00 0.000e+00 0.000e+00)) ((1.179e+01 6.493e+01 -3.286e+00) (5.537e-03 -1.440e-01 2.423e-01) (0.000e+00 0.000e+00 0.000e+00))
209       	((4.664e+00 -2.453e+00 -4.964e+01) (6.277e-01 3.581e-02 1.575e-02) (0.000e+00 0.000e+00 0.000e+00)) ((1.173e+01 6.502e+01 -3.190e+00) (5.508e-03 -1.447e-01 2.430e-01) (0.000e+00 0.000e+00 0.000e+00))
210       	((4.711e+00 -2.439e+00 -4.948e+01) (6.279e-01 3.623e-02 1.591e-02) (0.000e+00 0.000e+00 0.000e+00)) ((1.166e+01 6.510e+01 -3.176e+00) (5.531e-03 -1.452e-01 2.434e-01) (0.000e+00 0.000e+00 0.000e+00))
211       	((4.761e+00 -2.467e+00 -4.916e+01) (6.276e-01 3.645e-02 1.597e-02) (0.000e+00 0.000e+00 0.000e+00)) ((1.155e+01 6.508e+01 -3.251e+00) (5.558e-03 -1.454e-01 2.435e-01) (0.000e+00 0.000e+00 0.000e+00))
212       	((4.795e+00 -2.529e+00 -4.872e+01) (6.270e-01 3.639e-02 1.591e-02) (0.000e+00 0.000e+00 0.000e+00)) ((1.140e+01 6.488e+01 -3.405e+00) (5.580e-03 -1.454e-01 2.430e-01) (0.000e+00 0.000e+00 0.000e+00))
213       	((4.799e+00 -2.604e+00 -4.822e+01) (6.260e-01 3.604e-02 1.571e-02) (0.000e+00 0.000e+00 0.000e+00)) ((1.127e+01 6.450e+01 -3.599e+00) (5.601e-03 -1.452e-01 2.421e-01) (0.000e+00 0.000e+00 0.000e+00))
214       	((4.781e+00 -2.688e+00 -4.769e+01) (6.250e-01 3.553e-02 1.536e-02) (0.000e+00 0.000e+00 0.000e+00)) ((1.114e+01 6.398e+01 -3.815e+00) (5.650e-03 -1.447e-01 2.410e-01) (0.000e+00 0.000e+00 0.000e+00))
215       	((4.740e+00 -2.785e+00 -4.705e+01) (6.244e-01 3.489e-02 1.491e-02) (0.000e+00 0.000e+00 0.000e+00)) ((1.100e+01 6.326e+01 -4.058e+00) (5.706e-03 -1.441e-01 2.400e-01) (0.000e+00 0.000e+00 0.000e+00))
216       	((4.672e+00 -2.884e+00 -4.684e+01) (6.244e-01 3.412e-02 1.443e-02) (0.000e+00 0.000e+00 0.000e+00)) ((1.099e+01 6.276e+01 -4.293e+00) (5.748e-03 -1.435e-01 2.390e-01) (0.000e+00 0.000e+00 0.000e+00))
217       	((4.587e+00 -2.983e+00 -4.702e+01) (6.245e-01 3.339e-02 1.384e-02) (0.000e+00 0.000e+00 0.000e+00)) ((1.109e+01 6.253e+01 -4.499e+00) (5.822e-03 -1.425e-01 2.382e-01) (0.000e+00 0.000e+00 0.000e+00))
218       	((4.484e+00 -3.064e+00 -4.764e+01) (6.245e-01 3.283e-02 1.339e-02) (0.000e+00 0.000e+00 0.000e+00)) ((1.132e+01 6.257e+01 -4.654e+00) (5.862e-03 -1.416e-01 2.377e-01) (0.000e+00 0.000e+00 0.000e+00))
219       	((4.390e+00 -3.099e+00 -4.835e+01) (6.243e-01 3.239e-02 1.310e-02) (0.000e+00 0.000e+00 0.000e+00)) ((1.155e+01 6.276e+01 -4.708e+00) (5.848e-03 -1.409e-01 2.374e-01) (0.000e+00 0.000e+00 0.000e+00))
220       	((4.316e+00 -3.081e+00 -4.903e+01) (6.236e-01 3.191e-02 1.288e-02) (0.000e+00 0.000e+00 0.000e+00)) ((1.175e+01 6.300e+01 -4.661e+00) (5.799e-03 -1.401e-01 2.371e-01) (0.000e+00 0.000e+00 0.000e+00))
221       	((4.260e+00 -3.020e+00 -4.990e+01) (6.225e-01 3.142e-02 1.256e-02) (0.000e+00 0.000e+00 0.000e+00)) ((1.199e+01 6.347e+01 -4.532e+00) (5.796e-03 -1.393e-01 2.368e-01) (0.000e+00 0.000e+00 0.000e+00))
222       	((4.242e+00 -2.931e+00 -5.069e+01) (6.213e-01 3.111e-02 1.215e-02) (0.000e+00 0.000e+00 0.000e+00)) ((1.220e+01 6.403e+01 -4.345e+00) (5.870e-03 -1.384e-01 2.365e-01) (0.000e+00 0.000e+00 0.000e+00))
223       	((4.258e+00 -2.825e+00 -5.117e+01) (6.203e-01 3.102e-02 1.176e-02) (0.000e+00 0.000e+00 0.000e+00)) ((1.233e+01 6.449e+01 -4.125e+00) (5.985e-03 -1.376e-01 2.363e-01) (0.000e+00 0.000e+00 0.000e+00))
224       	((4.299e+00 -2.708e+00 -5.148e+01) (6.195e-01 3.123e-02 1.146e-02) (0.000e+00 0.000e+00 0.000e+00)) ((1.240e+01 6.489e+01 -3.887e+00) (6.123e-03 -1.370e-01 2.364e-01) (0.000e+00 0.000e+00 0.000e+00))
225       	((4.361e+00 -2.586e+00 -5.172e+01) (6.190e-01 3.161e-02 1.135e-02) (0.000e+00 0.000e+00 0.000e+00)) ((1.245e+01 6.536e+01 -3.643e+00) (6.221e-03 -1.367e-01 2.367e-01) (0.000e+00 0.000e+00 0.000e+00))
226       	((4.430e+00 -2.470e+00 -5.170e+01) (6.189e-01 3.198e-02 1.143e-02) (0.000e+00 0.000e+00 0.000e+00)) ((1.243e+01 6.563e+01 -3.413e+00) (6.258e-03 -1.367e-01 2.371e-01) (0.000e+00 0.000e+00 0.000e+00))
227       	((4.498e+00 -2.374e+00 -5.144e+01) (6.191e-01 3.239e-02 1.165e-02) (0.000e+00 0.000e+00 0.000e+00)) ((1.233e+01 6.568e+01 -3.222e+00) (6.255e-03 -1.371e-01 2.378e-01) (0.000e+00 0.000e+00 0.000e+00))
228       	((4.563e+00 -2.293e+00 -5.097e+01) (6.197e-01 3.283e-02 1.197e-02) (0.000e+00 0.000e+00 0.000e+00)) ((1.218e+01 6.554e+01 -3.060e+00) (6.227e-03 -1.377e-01 2.386e-01) (0.000e+00 0.000e+00 0.000e+00))
229       	((4.614e+00 -2.237e+00 -5.045e+01) (6.203e-01 3.333e-02 1.240e-02) (0.000e+00 0.000e+00 0.000e+00)) ((1.202e+01 6.532e+01 -2.946e+00) (6.170e-03 -1.386e-01 2.394e-01) (0.000e+00 0.000e+00 0.000e+00))
230       	((4.650e+00 -2.215e+00 -5.015e+01) (6.208e-01 3.391e-02 1.287e-02) (0.000e+00 0.000e+00 0.000e+00)) ((1.193e+01 6.520e+01 -2.898e+00) (6.111e-03 -1.395e-01 2.403e-01) (0.000e+00 0.000e+00 0.000e+00))
231       	((4.677e+00 -2.215e+00 -4.975e+01) (6.211e-01 3.452e-02 1.332e-02) (0.000e+00 0.000e+00 0.000e+00)) ((1.180e+01 6.499e+01 -2.893e+00) (6.062e-03 -1.404e-01 2.410e-01) (0.000e+00 0.000e+00 0.000e+00))
232       	((4.687e+00 -2.257e+00 -4.945e+01) (6.214e-01 3.512e-02 1.380e-02) (0.000e+00 0.000e+00 0.000e+00)) ((1.172e+01 6.484e+01 -2.969e+00) (5.991e-03 -1.414e-01 2.416e-01) (0.000e+00 0.000e+00 0.000e+00))
233       	((4.679e+00 -2.333e+00 -4.934e+01) (6.218e-01 3.552e-02 1.430e-02) (0.000e+00 0.000e+00 0.000e+00)) ((1.169e+01 6.477e+01 -3.116e+00) (5.872e-03 -1.425e-01 2.420e-01) (0.000e+00 0.000e+00 0.000e+00))
234       	((4.656e+00 -2.434e+00 -4.922e+01) (6.221e-01 3.559e-02 1.468e-02) (0.000e+00 0.000e+00 0.000e+00)) ((1.166e+01 6.463e+01 -3.317e+00) (5.738e-03 -1.433e-01 2.418e-01) (0.000e+00 0.000e+00 0.000e+00))
235       	((4.628e+00 -2.577e+00 -4.892e+01) (6.224e-01 3.540e-02 1.492e-02) (0.000e+00 0.000e+00 0.000e+00)) ((1.159e+01 6.433e+01 -3.602e+00) (5.606e-03 -1.438e-01 2.413e-01) (0.000e+00 0.000e+00 0.000e+00))
236       	((4.589e+00 -2.713e+00 -4.859e+01) (6.226e-01 3.513e-02 1.514e-02) (0.000e+00 0.000e+00 0.000e+00)) ((1.151e+01 6.394e+01 -3.882e+00) (5.452e-03 -1.443e-01 2.407e-01) (0.000e+00 0.000e+00 0.000e+00))
237       	((4.548e+00 -2.830e+00 -4.836e+01) (6.228e-01 3.490e-02 1.529e-02) (0.000e+00 0.000e+00 0.000e+00)) ((1.147e+01 6.363e+01 -4.128e+00) (5.310e-03 -1.445e-01 2.403e-01) (0.000e+00 0.000e+00 0.000e+00))
238       	((4.510e+00 -2.926e+00 -4.815e+01) (6.231e-01 3.469e-02 1.536e-02) (0.000e+00 0.000e+00 0.000e+00)) ((1.144e+01 6.332e+01 -4.335e+00) (5.193e-03 -1.447e-01 2.401e-01) (0.000e+00 0.000e+00 0.000e+00))
239       	((4.478e+00 -2.983e+00 -4.821e+01) (6.234e-01 3.450e-02 1.534e-02) (0.000e+00 0.000e+00 0.000e+00)) ((1.149e+01 6.326e+01 -4.462e+00) (5.112e-03 -1.446e-01 2.399e-01) (0.000e+00 0.000e+00 0.000e+00))
240       	((4.452e+00 -2.993e+00 -4.856e+01) (6.235e-01 3.437e-02 1.519e-02) (0.000e+00 0.000e+00 0.000e+00)) ((1.161e+01 6.347e+01 -4.491e+00) (5.086e-03 -1.444e-01 2.399e-01) (0.000e+00 0.000e+00 0.000e+00))
