# Forces  
# CofR    : (0.000e+00 0.000e+00 0.000e+00)
# Time    forces(pressure viscous porous) moment(pressure viscous porous)
1         	((9.480e+01 1.489e+01 -1.029e+02) (3.841e-01 6.797e-03 1.084e-02) (0.000e+00 0.000e+00 0.000e+00)) ((1.711e+01 2.648e+02 4.601e+01) (-5.313e-03 2.441e-01 1.340e-01) (0.000e+00 0.000e+00 0.000e+00))
2         	((6.708e+01 4.793e+00 -9.065e+01) (2.971e-01 3.317e-03 7.051e-02) (0.000e+00 0.000e+00 0.000e+00)) ((1.998e+01 2.167e+02 2.181e+01) (-1.567e-02 5.273e-02 1.033e-01) (0.000e+00 0.000e+00 0.000e+00))
3         	((4.769e+01 1.630e+00 -8.327e+01) (2.652e-01 2.383e-03 8.230e-02) (0.000e+00 0.000e+00 0.000e+00)) ((2.009e+01 1.855e+02 1.179e+01) (-1.836e-02 6.791e-03 9.266e-02) (0.000e+00 0.000e+00 0.000e+00))
4         	((3.913e+01 1.901e+00 -8.069e+01) (2.516e-01 1.854e-03 7.637e-02) (0.000e+00 0.000e+00 0.000e+00)) ((1.941e+01 1.731e+02 1.029e+01) (-1.728e-02 7.317e-03 8.802e-02) (0.000e+00 0.000e+00 0.000e+00))
5         	((3.634e+01 2.115e+00 -8.047e+01) (2.489e-01 5.407e-04 6.567e-02) (0.000e+00 0.000e+00 0.000e+00)) ((1.935e+01 1.703e+02 1.004e+01) (-1.436e-02 2.589e-02 8.467e-02) (0.000e+00 0.000e+00 0.000e+00))
6         	((3.626e+01 2.230e+00 -8.253e+01) (2.500e-01 -7.399e-04 5.847e-02) (0.000e+00 0.000e+00 0.000e+00)) ((1.987e+01 1.740e+02 1.029e+01) (-1.208e-02 4.071e-02 8.240e-02) (0.000e+00 0.000e+00 0.000e+00))
7         	((3.696e+01 2.427e+00 -8.586e+01) (2.550e-01 -2.206e-03 5.473e-02) (0.000e+00 0.000e+00 0.000e+00)) ((2.062e+01 1.806e+02 1.089e+01) (-1.034e-02 5.210e-02 8.090e-02) (0.000e+00 0.000e+00 0.000e+00))
8         	((3.752e+01 2.740e+00 -8.936e+01) (2.627e-01 -4.070e-03 5.459e-02) (0.000e+00 0.000e+00 0.000e+00)) ((2.131e+01 1.872e+02 1.166e+01) (-8.972e-03 5.828e-02 7.962e-02) (0.000e+00 0.000e+00 0.000e+00))
9         	((3.764e+01 3.124e+00 -9.232e+01) (2.762e-01 -6.012e-03 5.831e-02) (0.000e+00 0.000e+00 0.000e+00)) ((2.183e+01 1.924e+02 1.242e+01) (-8.531e-03 6.125e-02 7.978e-02) (0.000e+00 0.000e+00 0.000e+00))
10        	((3.739e+01 3.524e+00 -9.458e+01) (2.846e-01 -7.531e-03 6.501e-02) (0.000e+00 0.000e+00 0.000e+00)) ((2.217e+01 1.960e+02 1.309e+01) (-8.937e-03 5.398e-02 7.892e-02) (0.000e+00 0.000e+00 0.000e+00))
11        	((3.682e+01 3.926e+00 -9.620e+01) (2.863e-01 -8.375e-03 6.818e-02) (0.000e+00 0.000e+00 0.000e+00)) ((2.235e+01 1.982e+02 1.367e+01) (-8.860e-03 4.701e-02 7.827e-02) (0.000e+00 0.000e+00 0.000e+00))
12        	((3.613e+01 4.295e+00 -9.728e+01) (2.890e-01 -8.723e-03 6.962e-02) (0.000e+00 0.000e+00 0.000e+00)) ((2.242e+01 1.993e+02 1.416e+01) (-8.838e-03 4.407e-02 7.892e-02) (0.000e+00 0.000e+00 0.000e+00))
13        	((3.544e+01 4.595e+00 -9.802e+01) (2.926e-01 -8.955e-03 7.038e-02) (0.000e+00 0.000e+00 0.000e+00)) ((2.245e+01 1.997e+02 1.452e+01) (-8.730e-03 4.326e-02 8.024e-02) (0.000e+00 0.000e+00 0.000e+00))
14        	((3.491e+01 4.802e+00 -9.864e+01) (2.956e-01 -9.546e-03 7.178e-02) (0.000e+00 0.000e+00 0.000e+00)) ((2.251e+01 2.002e+02 1.476e+01) (-8.693e-03 4.089e-02 8.084e-02) (0.000e+00 0.000e+00 0.000e+00))
15        	((3.462e+01 4.850e+00 -9.927e+01) (2.992e-01 -9.891e-03 7.395e-02) (0.000e+00 0.000e+00 0.000e+00)) ((2.267e+01 2.009e+02 1.478e+01) (-9.001e-03 3.722e-02 8.256e-02) (0.000e+00 0.000e+00 0.000e+00))
16        	((3.466e+01 4.791e+00 -1.000e+02) (3.070e-01 -1.000e-02 7.594e-02) (0.000e+00 0.000e+00 0.000e+00)) ((2.292e+01 2.022e+02 1.470e+01) (-9.287e-03 3.776e-02 8.564e-02) (0.000e+00 0.000e+00 0.000e+00))
17        	((3.500e+01 4.668e+00 -1.010e+02) (3.153e-01 -9.982e-03 7.672e-02) (0.000e+00 0.000e+00 0.000e+00)) ((2.325e+01 2.040e+02 1.459e+01) (-9.367e-03 4.090e-02 8.902e-02) (0.000e+00 0.000e+00 0.000e+00))
18        	((3.554e+01 4.485e+00 -1.020e+02) (3.233e-01 -9.831e-03 7.722e-02) (0.000e+00 0.000e+00 0.000e+00)) ((2.363e+01 2.062e+02 1.444e+01) (-9.282e-03 4.419e-02 9.237e-02) (0.000e+00 0.000e+00 0.000e+00))
19        	((3.618e+01 4.257e+00 -1.030e+02) (3.323e-01 -9.460e-03 7.736e-02) (0.000e+00 0.000e+00 0.000e+00)) ((2.403e+01 2.085e+02 1.425e+01) (-9.232e-03 4.909e-02 9.633e-02) (0.000e+00 0.000e+00 0.000e+00))
20        	((3.682e+01 4.021e+00 -1.039e+02) (3.414e-01 -9.294e-03 7.718e-02) (0.000e+00 0.000e+00 0.000e+00)) ((2.441e+01 2.107e+02 1.406e+01) (-8.928e-03 5.518e-02 9.989e-02) (0.000e+00 0.000e+00 0.000e+00))
21        	((3.737e+01 3.763e+00 -1.047e+02) (3.500e-01 -9.744e-03 7.710e-02) (0.000e+00 0.000e+00 0.000e+00)) ((2.477e+01 2.125e+02 1.381e+01) (-8.306e-03 6.121e-02 1.022e-01) (0.000e+00 0.000e+00 0.000e+00))
22        	((3.779e+01 3.478e+00 -1.053e+02) (3.592e-01 -1.035e-02 7.720e-02) (0.000e+00 0.000e+00 0.000e+00)) ((2.511e+01 2.139e+02 1.347e+01) (-7.676e-03 6.748e-02 1.044e-01) (0.000e+00 0.000e+00 0.000e+00))
23        	((3.813e+01 3.205e+00 -1.057e+02) (3.643e-01 -1.121e-02 7.795e-02) (0.000e+00 0.000e+00 0.000e+00)) ((2.541e+01 2.149e+02 1.313e+01) (-6.966e-03 6.846e-02 1.053e-01) (0.000e+00 0.000e+00 0.000e+00))
24        	((3.837e+01 2.890e+00 -1.059e+02) (3.683e-01 -1.225e-02 7.753e-02) (0.000e+00 0.000e+00 0.000e+00)) ((2.570e+01 2.155e+02 1.269e+01) (-5.992e-03 7.084e-02 1.058e-01) (0.000e+00 0.000e+00 0.000e+00))
25        	((3.854e+01 2.396e+00 -1.059e+02) (3.717e-01 -1.375e-02 7.647e-02) (0.000e+00 0.000e+00 0.000e+00)) ((2.605e+01 2.156e+02 1.194e+01) (-4.662e-03 7.450e-02 1.052e-01) (0.000e+00 0.000e+00 0.000e+00))
26        	((3.869e+01 1.645e+00 -1.058e+02) (3.746e-01 -1.580e-02 7.597e-02) (0.000e+00 0.000e+00 0.000e+00)) ((2.649e+01 2.155e+02 1.080e+01) (-3.395e-03 7.741e-02 1.037e-01) (0.000e+00 0.000e+00 0.000e+00))
27        	((3.890e+01 6.653e-01 -1.055e+02) (3.782e-01 -1.810e-02 7.620e-02) (0.000e+00 0.000e+00 0.000e+00)) ((2.701e+01 2.152e+02 9.345e+00) (-2.326e-03 8.025e-02 1.019e-01) (0.000e+00 0.000e+00 0.000e+00))
28        	((3.916e+01 -3.836e-01 -1.052e+02) (3.827e-01 -1.997e-02 7.742e-02) (0.000e+00 0.000e+00 0.000e+00)) ((2.755e+01 2.150e+02 7.819e+00) (-1.763e-03 8.208e-02 1.008e-01) (0.000e+00 0.000e+00 0.000e+00))
29        	((3.942e+01 -1.189e+00 -1.050e+02) (3.888e-01 -2.126e-02 7.903e-02) (0.000e+00 0.000e+00 0.000e+00)) ((2.793e+01 2.148e+02 6.680e+00) (-1.540e-03 8.395e-02 1.010e-01) (0.000e+00 0.000e+00 0.000e+00))
30        	((3.976e+01 -1.906e+00 -1.048e+02) (3.965e-01 -2.195e-02 8.103e-02) (0.000e+00 0.000e+00 0.000e+00)) ((2.829e+01 2.149e+02 5.668e+00) (-1.647e-03 8.587e-02 1.026e-01) (0.000e+00 0.000e+00 0.000e+00))
31        	((4.003e+01 -2.014e+00 -1.048e+02) (4.053e-01 -2.217e-02 8.366e-02) (0.000e+00 0.000e+00 0.000e+00)) ((2.835e+01 2.151e+02 5.571e+00) (-2.142e-03 8.706e-02 1.054e-01) (0.000e+00 0.000e+00 0.000e+00))
32        	((4.024e+01 -1.833e+00 -1.049e+02) (4.146e-01 -2.236e-02 8.684e-02) (0.000e+00 0.000e+00 0.000e+00)) ((2.830e+01 2.153e+02 5.875e+00) (-2.828e-03 8.724e-02 1.084e-01) (0.000e+00 0.000e+00 0.000e+00))
33        	((4.037e+01 -1.504e+00 -1.050e+02) (4.238e-01 -2.262e-02 8.989e-02) (0.000e+00 0.000e+00 0.000e+00)) ((2.819e+01 2.156e+02 6.368e+00) (-3.486e-03 8.746e-02 1.115e-01) (0.000e+00 0.000e+00 0.000e+00))
34        	((4.042e+01 -1.169e+00 -1.051e+02) (4.326e-01 -2.260e-02 9.183e-02) (0.000e+00 0.000e+00 0.000e+00)) ((2.809e+01 2.158e+02 6.834e+00) (-3.984e-03 8.907e-02 1.150e-01) (0.000e+00 0.000e+00 0.000e+00))
35        	((4.039e+01 -9.243e-01 -1.051e+02) (4.417e-01 -2.237e-02 9.356e-02) (0.000e+00 0.000e+00 0.000e+00)) ((2.804e+01 2.158e+02 7.136e+00) (-4.515e-03 9.100e-02 1.188e-01) (0.000e+00 0.000e+00 0.000e+00))
36        	((4.029e+01 -8.266e-01 -1.050e+02) (4.510e-01 -2.200e-02 9.529e-02) (0.000e+00 0.000e+00 0.000e+00)) ((2.804e+01 2.155e+02 7.187e+00) (-5.095e-03 9.296e-02 1.230e-01) (0.000e+00 0.000e+00 0.000e+00))
37        	((4.014e+01 -8.743e-01 -1.049e+02) (4.598e-01 -2.155e-02 9.729e-02) (0.000e+00 0.000e+00 0.000e+00)) ((2.808e+01 2.151e+02 6.995e+00) (-5.827e-03 9.435e-02 1.270e-01) (0.000e+00 0.000e+00 0.000e+00))
38        	((3.997e+01 -1.030e+00 -1.046e+02) (4.675e-01 -2.103e-02 9.985e-02) (0.000e+00 0.000e+00 0.000e+00)) ((2.815e+01 2.145e+02 6.629e+00) (-6.833e-03 9.449e-02 1.307e-01) (0.000e+00 0.000e+00 0.000e+00))
39        	((3.982e+01 -1.311e+00 -1.042e+02) (4.737e-01 -2.051e-02 1.031e-01) (0.000e+00 0.000e+00 0.000e+00)) ((2.825e+01 2.138e+02 6.069e+00) (-8.145e-03 9.309e-02 1.338e-01) (0.000e+00 0.000e+00 0.000e+00))
40        	((3.973e+01 -1.799e+00 -1.038e+02) (4.786e-01 -2.030e-02 1.067e-01) (0.000e+00 0.000e+00 0.000e+00)) ((2.843e+01 2.130e+02 5.207e+00) (-9.486e-03 9.068e-02 1.359e-01) (0.000e+00 0.000e+00 0.000e+00))
41        	((3.969e+01 -2.408e+00 -1.034e+02) (4.830e-01 -2.063e-02 1.100e-01) (0.000e+00 0.000e+00 0.000e+00)) ((2.864e+01 2.122e+02 4.194e+00) (-1.052e-02 8.830e-02 1.371e-01) (0.000e+00 0.000e+00 0.000e+00))
42        	((3.971e+01 -2.864e+00 -1.030e+02) (4.882e-01 -2.140e-02 1.129e-01) (0.000e+00 0.000e+00 0.000e+00)) ((2.876e+01 2.116e+02 3.468e+00) (-1.122e-02 8.673e-02 1.381e-01) (0.000e+00 0.000e+00 0.000e+00))
43        	((3.978e+01 -3.175e+00 -1.027e+02) (4.939e-01 -2.198e-02 1.158e-01) (0.000e+00 0.000e+00 0.000e+00)) ((2.880e+01 2.111e+02 2.994e+00) (-1.201e-02 8.530e-02 1.397e-01) (0.000e+00 0.000e+00 0.000e+00))
44        	((3.987e+01 -3.361e+00 -1.024e+02) (4.997e-01 -2.189e-02 1.185e-01) (0.000e+00 0.000e+00 0.000e+00)) ((2.877e+01 2.107e+02 2.743e+00) (-1.304e-02 8.404e-02 1.421e-01) (0.000e+00 0.000e+00 0.000e+00))
45        	((3.996e+01 -3.519e+00 -1.021e+02) (5.057e-01 -2.136e-02 1.212e-01) (0.000e+00 0.000e+00 0.000e+00)) ((2.873e+01 2.103e+02 2.541e+00) (-1.424e-02 8.295e-02 1.453e-01) (0.000e+00 0.000e+00 0.000e+00))
46        	((4.005e+01 -3.637e+00 -1.020e+02) (5.117e-01 -2.065e-02 1.234e-01) (0.000e+00 0.000e+00 0.000e+00)) ((2.870e+01 2.101e+02 2.403e+00) (-1.534e-02 8.253e-02 1.487e-01) (0.000e+00 0.000e+00 0.000e+00))
47        	((4.014e+01 -3.834e+00 -1.018e+02) (5.177e-01 -2.029e-02 1.250e-01) (0.000e+00 0.000e+00 0.000e+00)) ((2.870e+01 2.098e+02 2.158e+00) (-1.609e-02 8.291e-02 1.517e-01) (0.000e+00 0.000e+00 0.000e+00))
48        	((4.024e+01 -4.095e+00 -1.017e+02) (5.237e-01 -2.020e-02 1.263e-01) (0.000e+00 0.000e+00 0.000e+00)) ((2.875e+01 2.097e+02 1.831e+00) (-1.660e-02 8.383e-02 1.542e-01) (0.000e+00 0.000e+00 0.000e+00))
49        	((4.035e+01 -4.410e+00 -1.015e+02) (5.293e-01 -2.042e-02 1.275e-01) (0.000e+00 0.000e+00 0.000e+00)) ((2.882e+01 2.095e+02 1.423e+00) (-1.691e-02 8.497e-02 1.561e-01) (0.000e+00 0.000e+00 0.000e+00))
50        	((4.046e+01 -4.714e+00 -1.014e+02) (5.348e-01 -2.080e-02 1.286e-01) (0.000e+00 0.000e+00 0.000e+00)) ((2.891e+01 2.093e+02 1.034e+00) (-1.713e-02 8.613e-02 1.576e-01) (0.000e+00 0.000e+00 0.000e+00))
51        	((4.059e+01 -4.971e+00 -1.012e+02) (5.403e-01 -2.108e-02 1.298e-01) (0.000e+00 0.000e+00 0.000e+00)) ((2.899e+01 2.092e+02 7.133e-01) (-1.734e-02 8.726e-02 1.592e-01) (0.000e+00 0.000e+00 0.000e+00))
52        	((4.073e+01 -5.192e+00 -1.010e+02) (5.457e-01 -2.147e-02 1.311e-01) (0.000e+00 0.000e+00 0.000e+00)) ((2.907e+01 2.090e+02 4.422e-01) (-1.750e-02 8.819e-02 1.605e-01) (0.000e+00 0.000e+00 0.000e+00))
53        	((4.088e+01 -5.409e+00 -1.009e+02) (5.512e-01 -2.211e-02 1.328e-01) (0.000e+00 0.000e+00 0.000e+00)) ((2.916e+01 2.089e+02 1.688e-01) (-1.764e-02 8.864e-02 1.615e-01) (0.000e+00 0.000e+00 0.000e+00))
54        	((4.104e+01 -5.640e+00 -1.007e+02) (5.565e-01 -2.254e-02 1.349e-01) (0.000e+00 0.000e+00 0.000e+00)) ((2.927e+01 2.087e+02 -1.323e-01) (-1.808e-02 8.814e-02 1.626e-01) (0.000e+00 0.000e+00 0.000e+00))
55        	((4.120e+01 -5.856e+00 -1.005e+02) (5.616e-01 -2.260e-02 1.373e-01) (0.000e+00 0.000e+00 0.000e+00)) ((2.936e+01 2.085e+02 -4.159e-01) (-1.884e-02 8.697e-02 1.642e-01) (0.000e+00 0.000e+00 0.000e+00))
56        	((4.135e+01 -6.035e+00 -1.002e+02) (5.667e-01 -2.255e-02 1.398e-01) (0.000e+00 0.000e+00 0.000e+00)) ((2.943e+01 2.083e+02 -6.493e-01) (-1.970e-02 8.553e-02 1.660e-01) (0.000e+00 0.000e+00 0.000e+00))
57        	((4.146e+01 -6.090e+00 -1.000e+02) (5.718e-01 -2.236e-02 1.422e-01) (0.000e+00 0.000e+00 0.000e+00)) ((2.943e+01 2.080e+02 -7.048e-01) (-2.055e-02 8.416e-02 1.679e-01) (0.000e+00 0.000e+00 0.000e+00))
58        	((4.152e+01 -6.079e+00 -9.973e+01) (5.770e-01 -2.203e-02 1.446e-01) (0.000e+00 0.000e+00 0.000e+00)) ((2.938e+01 2.076e+02 -6.775e-01) (-2.142e-02 8.281e-02 1.701e-01) (0.000e+00 0.000e+00 0.000e+00))
59        	((4.154e+01 -6.014e+00 -9.944e+01) (5.821e-01 -2.158e-02 1.468e-01) (0.000e+00 0.000e+00 0.000e+00)) ((2.928e+01 2.071e+02 -5.859e-01) (-2.230e-02 8.150e-02 1.725e-01) (0.000e+00 0.000e+00 0.000e+00))
60        	((4.153e+01 -5.908e+00 -9.914e+01) (5.871e-01 -2.107e-02 1.488e-01) (0.000e+00 0.000e+00 0.000e+00)) ((2.916e+01 2.066e+02 -4.393e-01) (-2.312e-02 8.042e-02 1.749e-01) (0.000e+00 0.000e+00 0.000e+00))
61        	((4.150e+01 -5.761e+00 -9.888e+01) (5.923e-01 -2.058e-02 1.504e-01) (0.000e+00 0.000e+00 0.000e+00)) ((2.901e+01 2.061e+02 -2.304e-01) (-2.380e-02 7.989e-02 1.775e-01) (0.000e+00 0.000e+00 0.000e+00))
62        	((4.146e+01 -5.572e+00 -9.869e+01) (5.976e-01 -2.015e-02 1.515e-01) (0.000e+00 0.000e+00 0.000e+00)) ((2.886e+01 2.057e+02 4.715e-02) (-2.428e-02 8.015e-02 1.801e-01) (0.000e+00 0.000e+00 0.000e+00))
63        	((4.142e+01 -5.338e+00 -9.858e+01) (6.032e-01 -1.977e-02 1.522e-01) (0.000e+00 0.000e+00 0.000e+00)) ((2.872e+01 2.055e+02 3.962e-01) (-2.456e-02 8.127e-02 1.827e-01) (0.000e+00 0.000e+00 0.000e+00))
64        	((4.136e+01 -5.057e+00 -9.855e+01) (6.090e-01 -1.937e-02 1.524e-01) (0.000e+00 0.000e+00 0.000e+00)) ((2.858e+01 2.054e+02 8.150e-01) (-2.470e-02 8.308e-02 1.855e-01) (0.000e+00 0.000e+00 0.000e+00))
65        	((4.131e+01 -4.776e+00 -9.856e+01) (6.149e-01 -1.891e-02 1.524e-01) (0.000e+00 0.000e+00 0.000e+00)) ((2.845e+01 2.054e+02 1.227e+00) (-2.477e-02 8.534e-02 1.885e-01) (0.000e+00 0.000e+00 0.000e+00))
66        	((4.124e+01 -4.509e+00 -9.857e+01) (6.208e-01 -1.838e-02 1.523e-01) (0.000e+00 0.000e+00 0.000e+00)) ((2.835e+01 2.053e+02 1.611e+00) (-2.482e-02 8.772e-02 1.915e-01) (0.000e+00 0.000e+00 0.000e+00))
67        	((4.116e+01 -4.259e+00 -9.855e+01) (6.264e-01 -1.785e-02 1.522e-01) (0.000e+00 0.000e+00 0.000e+00)) ((2.827e+01 2.052e+02 1.964e+00) (-2.485e-02 9.002e-02 1.945e-01) (0.000e+00 0.000e+00 0.000e+00))
68        	((4.107e+01 -4.032e+00 -9.848e+01) (6.316e-01 -1.740e-02 1.521e-01) (0.000e+00 0.000e+00 0.000e+00)) ((2.819e+01 2.050e+02 2.285e+00) (-2.485e-02 9.204e-02 1.971e-01) (0.000e+00 0.000e+00 0.000e+00))
69        	((4.097e+01 -3.824e+00 -9.835e+01) (6.361e-01 -1.709e-02 1.520e-01) (0.000e+00 0.000e+00 0.000e+00)) ((2.812e+01 2.047e+02 2.584e+00) (-2.482e-02 9.366e-02 1.993e-01) (0.000e+00 0.000e+00 0.000e+00))
70        	((4.086e+01 -3.645e+00 -9.816e+01) (6.399e-01 -1.700e-02 1.521e-01) (0.000e+00 0.000e+00 0.000e+00)) ((2.806e+01 2.043e+02 2.850e+00) (-2.472e-02 9.482e-02 2.008e-01) (0.000e+00 0.000e+00 0.000e+00))
71        	((4.074e+01 -3.500e+00 -9.790e+01) (6.428e-01 -1.715e-02 1.522e-01) (0.000e+00 0.000e+00 0.000e+00)) ((2.800e+01 2.038e+02 3.077e+00) (-2.454e-02 9.560e-02 2.016e-01) (0.000e+00 0.000e+00 0.000e+00))
72        	((4.061e+01 -3.406e+00 -9.755e+01) (6.449e-01 -1.758e-02 1.522e-01) (0.000e+00 0.000e+00 0.000e+00)) ((2.794e+01 2.031e+02 3.233e+00) (-2.422e-02 9.610e-02 2.017e-01) (0.000e+00 0.000e+00 0.000e+00))
73        	((4.045e+01 -3.383e+00 -9.712e+01) (6.462e-01 -1.826e-02 1.521e-01) (0.000e+00 0.000e+00 0.000e+00)) ((2.790e+01 2.022e+02 3.284e+00) (-2.377e-02 9.655e-02 2.011e-01) (0.000e+00 0.000e+00 0.000e+00))
74        	((4.027e+01 -3.433e+00 -9.662e+01) (6.471e-01 -1.917e-02 1.520e-01) (0.000e+00 0.000e+00 0.000e+00)) ((2.787e+01 2.012e+02 3.217e+00) (-2.318e-02 9.707e-02 1.999e-01) (0.000e+00 0.000e+00 0.000e+00))
75        	((4.008e+01 -3.552e+00 -9.609e+01) (6.477e-01 -2.024e-02 1.517e-01) (0.000e+00 0.000e+00 0.000e+00)) ((2.786e+01 2.002e+02 3.034e+00) (-2.249e-02 9.776e-02 1.984e-01) (0.000e+00 0.000e+00 0.000e+00))
76        	((3.989e+01 -3.742e+00 -9.554e+01) (6.481e-01 -2.142e-02 1.514e-01) (0.000e+00 0.000e+00 0.000e+00)) ((2.787e+01 1.990e+02 2.729e+00) (-2.175e-02 9.859e-02 1.966e-01) (0.000e+00 0.000e+00 0.000e+00))
77        	((3.970e+01 -4.013e+00 -9.500e+01) (6.487e-01 -2.265e-02 1.512e-01) (0.000e+00 0.000e+00 0.000e+00)) ((2.792e+01 1.980e+02 2.283e+00) (-2.101e-02 9.947e-02 1.947e-01) (0.000e+00 0.000e+00 0.000e+00))
78        	((3.954e+01 -4.335e+00 -9.448e+01) (6.494e-01 -2.377e-02 1.512e-01) (0.000e+00 0.000e+00 0.000e+00)) ((2.799e+01 1.969e+02 1.753e+00) (-2.041e-02 1.002e-01 1.929e-01) (0.000e+00 0.000e+00 0.000e+00))
79        	((3.940e+01 -4.718e+00 -9.399e+01) (6.504e-01 -2.485e-02 1.515e-01) (0.000e+00 0.000e+00 0.000e+00)) ((2.810e+01 1.960e+02 1.121e+00) (-1.992e-02 1.006e-01 1.913e-01) (0.000e+00 0.000e+00 0.000e+00))
80        	((3.931e+01 -5.102e+00 -9.357e+01) (6.516e-01 -2.574e-02 1.520e-01) (0.000e+00 0.000e+00 0.000e+00)) ((2.821e+01 1.952e+02 4.908e-01) (-1.963e-02 1.007e-01 1.901e-01) (0.000e+00 0.000e+00 0.000e+00))
81        	((3.925e+01 -5.470e+00 -9.319e+01) (6.531e-01 -2.645e-02 1.528e-01) (0.000e+00 0.000e+00 0.000e+00)) ((2.832e+01 1.945e+02 -1.095e-01) (-1.952e-02 1.006e-01 1.892e-01) (0.000e+00 0.000e+00 0.000e+00))
82        	((3.921e+01 -5.796e+00 -9.287e+01) (6.547e-01 -2.696e-02 1.537e-01) (0.000e+00 0.000e+00 0.000e+00)) ((2.841e+01 1.939e+02 -6.380e-01) (-1.958e-02 1.002e-01 1.886e-01) (0.000e+00 0.000e+00 0.000e+00))
83        	((3.919e+01 -6.052e+00 -9.262e+01) (6.564e-01 -2.728e-02 1.547e-01) (0.000e+00 0.000e+00 0.000e+00)) ((2.847e+01 1.935e+02 -1.049e+00) (-1.975e-02 9.983e-02 1.885e-01) (0.000e+00 0.000e+00 0.000e+00))
84        	((3.918e+01 -6.281e+00 -9.242e+01) (6.583e-01 -2.745e-02 1.556e-01) (0.000e+00 0.000e+00 0.000e+00)) ((2.852e+01 1.931e+02 -1.413e+00) (-1.997e-02 9.957e-02 1.886e-01) (0.000e+00 0.000e+00 0.000e+00))
85        	((3.918e+01 -6.496e+00 -9.226e+01) (6.604e-01 -2.749e-02 1.564e-01) (0.000e+00 0.000e+00 0.000e+00)) ((2.856e+01 1.928e+02 -1.753e+00) (-2.022e-02 9.957e-02 1.891e-01) (0.000e+00 0.000e+00 0.000e+00))
86        	((3.917e+01 -6.687e+00 -9.216e+01) (6.627e-01 -2.741e-02 1.571e-01) (0.000e+00 0.000e+00 0.000e+00)) ((2.860e+01 1.926e+02 -2.050e+00) (-2.047e-02 9.990e-02 1.898e-01) (0.000e+00 0.000e+00 0.000e+00))
87        	((3.917e+01 -6.842e+00 -9.212e+01) (6.652e-01 -2.718e-02 1.575e-01) (0.000e+00 0.000e+00 0.000e+00)) ((2.862e+01 1.925e+02 -2.289e+00) (-2.076e-02 1.005e-01 1.909e-01) (0.000e+00 0.000e+00 0.000e+00))
88        	((3.918e+01 -6.949e+00 -9.213e+01) (6.679e-01 -2.679e-02 1.579e-01) (0.000e+00 0.000e+00 0.000e+00)) ((2.863e+01 1.926e+02 -2.455e+00) (-2.109e-02 1.014e-01 1.924e-01) (0.000e+00 0.000e+00 0.000e+00))
89        	((3.920e+01 -6.975e+00 -9.220e+01) (6.706e-01 -2.622e-02 1.583e-01) (0.000e+00 0.000e+00 0.000e+00)) ((2.861e+01 1.927e+02 -2.490e+00) (-2.150e-02 1.023e-01 1.942e-01) (0.000e+00 0.000e+00 0.000e+00))
90        	((3.923e+01 -6.955e+00 -9.230e+01) (6.733e-01 -2.548e-02 1.586e-01) (0.000e+00 0.000e+00 0.000e+00)) ((2.857e+01 1.929e+02 -2.452e+00) (-2.198e-02 1.033e-01 1.962e-01) (0.000e+00 0.000e+00 0.000e+00))
91        	((3.926e+01 -6.928e+00 -9.241e+01) (6.759e-01 -2.464e-02 1.590e-01) (0.000e+00 0.000e+00 0.000e+00)) ((2.854e+01 1.931e+02 -2.403e+00) (-2.252e-02 1.041e-01 1.984e-01) (0.000e+00 0.000e+00 0.000e+00))
92        	((3.929e+01 -6.926e+00 -9.250e+01) (6.784e-01 -2.378e-02 1.594e-01) (0.000e+00 0.000e+00 0.000e+00)) ((2.852e+01 1.932e+02 -2.390e+00) (-2.309e-02 1.048e-01 2.006e-01) (0.000e+00 0.000e+00 0.000e+00))
93        	((3.932e+01 -6.932e+00 -9.258e+01) (6.808e-01 -2.294e-02 1.600e-01) (0.000e+00 0.000e+00 0.000e+00)) ((2.852e+01 1.934e+02 -2.385e+00) (-2.367e-02 1.053e-01 2.027e-01) (0.000e+00 0.000e+00 0.000e+00))
94        	((3.935e+01 -6.944e+00 -9.264e+01) (6.831e-01 -2.219e-02 1.607e-01) (0.000e+00 0.000e+00 0.000e+00)) ((2.852e+01 1.935e+02 -2.391e+00) (-2.427e-02 1.054e-01 2.047e-01) (0.000e+00 0.000e+00 0.000e+00))
95        	((3.937e+01 -6.893e+00 -9.269e+01) (6.851e-01 -2.148e-02 1.616e-01) (0.000e+00 0.000e+00 0.000e+00)) ((2.849e+01 1.936e+02 -2.296e+00) (-2.491e-02 1.052e-01 2.064e-01) (0.000e+00 0.000e+00 0.000e+00))
96        	((3.939e+01 -6.791e+00 -9.274e+01) (6.869e-01 -2.082e-02 1.626e-01) (0.000e+00 0.000e+00 0.000e+00)) ((2.845e+01 1.937e+02 -2.125e+00) (-2.558e-02 1.045e-01 2.080e-01) (0.000e+00 0.000e+00 0.000e+00))
97        	((3.939e+01 -6.677e+00 -9.277e+01) (6.885e-01 -2.021e-02 1.638e-01) (0.000e+00 0.000e+00 0.000e+00)) ((2.839e+01 1.938e+02 -1.939e+00) (-2.625e-02 1.035e-01 2.095e-01) (0.000e+00 0.000e+00 0.000e+00))
98        	((3.938e+01 -6.593e+00 -9.275e+01) (6.899e-01 -1.970e-02 1.650e-01) (0.000e+00 0.000e+00 0.000e+00)) ((2.835e+01 1.937e+02 -1.807e+00) (-2.690e-02 1.023e-01 2.107e-01) (0.000e+00 0.000e+00 0.000e+00))
99        	((3.935e+01 -6.547e+00 -9.270e+01) (6.910e-01 -1.931e-02 1.662e-01) (0.000e+00 0.000e+00 0.000e+00)) ((2.831e+01 1.936e+02 -1.734e+00) (-2.748e-02 1.010e-01 2.117e-01) (0.000e+00 0.000e+00 0.000e+00))
100       	((3.931e+01 -6.492e+00 -9.263e+01) (6.920e-01 -1.902e-02 1.673e-01) (0.000e+00 0.000e+00 0.000e+00)) ((2.827e+01 1.934e+02 -1.654e+00) (-2.798e-02 9.981e-02 2.124e-01) (0.000e+00 0.000e+00 0.000e+00))
101       	((3.925e+01 -6.394e+00 -9.253e+01) (6.928e-01 -1.876e-02 1.683e-01) (0.000e+00 0.000e+00 0.000e+00)) ((2.821e+01 1.932e+02 -1.510e+00) (-2.841e-02 9.870e-02 2.131e-01) (0.000e+00 0.000e+00 0.000e+00))
102       	((3.918e+01 -6.278e+00 -9.242e+01) (6.934e-01 -1.851e-02 1.691e-01) (0.000e+00 0.000e+00 0.000e+00)) ((2.812e+01 1.930e+02 -1.343e+00) (-2.876e-02 9.783e-02 2.136e-01) (0.000e+00 0.000e+00 0.000e+00))
103       	((3.910e+01 -6.197e+00 -9.227e+01) (6.940e-01 -1.830e-02 1.697e-01) (0.000e+00 0.000e+00 0.000e+00)) ((2.805e+01 1.927e+02 -1.236e+00) (-2.902e-02 9.728e-02 2.141e-01) (0.000e+00 0.000e+00 0.000e+00))
104       	((3.903e+01 -6.227e+00 -9.207e+01) (6.947e-01 -1.822e-02 1.701e-01) (0.000e+00 0.000e+00 0.000e+00)) ((2.803e+01 1.922e+02 -1.301e+00) (-2.913e-02 9.706e-02 2.144e-01) (0.000e+00 0.000e+00 0.000e+00))
105       	((3.897e+01 -6.336e+00 -9.183e+01) (6.953e-01 -1.831e-02 1.703e-01) (0.000e+00 0.000e+00 0.000e+00)) ((2.804e+01 1.918e+02 -1.482e+00) (-2.913e-02 9.702e-02 2.145e-01) (0.000e+00 0.000e+00 0.000e+00))
106       	((3.892e+01 -6.494e+00 -9.155e+01) (6.958e-01 -1.855e-02 1.706e-01) (0.000e+00 0.000e+00 0.000e+00)) ((2.808e+01 1.913e+02 -1.731e+00) (-2.905e-02 9.699e-02 2.143e-01) (0.000e+00 0.000e+00 0.000e+00))
107       	((3.888e+01 -6.664e+00 -9.123e+01) (6.960e-01 -1.891e-02 1.709e-01) (0.000e+00 0.000e+00 0.000e+00)) ((2.812e+01 1.907e+02 -1.991e+00) (-2.892e-02 9.682e-02 2.138e-01) (0.000e+00 0.000e+00 0.000e+00))
108       	((3.884e+01 -6.852e+00 -9.089e+01) (6.959e-01 -1.938e-02 1.712e-01) (0.000e+00 0.000e+00 0.000e+00)) ((2.816e+01 1.901e+02 -2.268e+00) (-2.876e-02 9.640e-02 2.130e-01) (0.000e+00 0.000e+00 0.000e+00))
109       	((3.882e+01 -7.114e+00 -9.048e+01) (6.955e-01 -1.994e-02 1.717e-01) (0.000e+00 0.000e+00 0.000e+00)) ((2.823e+01 1.894e+02 -2.657e+00) (-2.860e-02 9.573e-02 2.119e-01) (0.000e+00 0.000e+00 0.000e+00))
110       	((3.880e+01 -7.397e+00 -9.006e+01) (6.951e-01 -2.060e-02 1.723e-01) (0.000e+00 0.000e+00 0.000e+00)) ((2.830e+01 1.887e+02 -3.073e+00) (-2.845e-02 9.480e-02 2.105e-01) (0.000e+00 0.000e+00 0.000e+00))
111       	((3.878e+01 -7.634e+00 -8.967e+01) (6.946e-01 -2.132e-02 1.731e-01) (0.000e+00 0.000e+00 0.000e+00)) ((2.835e+01 1.880e+02 -3.415e+00) (-2.835e-02 9.365e-02 2.091e-01) (0.000e+00 0.000e+00 0.000e+00))
112       	((3.876e+01 -7.781e+00 -8.932e+01) (6.943e-01 -2.198e-02 1.739e-01) (0.000e+00 0.000e+00 0.000e+00)) ((2.836e+01 1.874e+02 -3.623e+00) (-2.834e-02 9.240e-02 2.078e-01) (0.000e+00 0.000e+00 0.000e+00))
113       	((3.872e+01 -7.831e+00 -8.902e+01) (6.943e-01 -2.251e-02 1.749e-01) (0.000e+00 0.000e+00 0.000e+00)) ((2.832e+01 1.868e+02 -3.693e+00) (-2.841e-02 9.119e-02 2.067e-01) (0.000e+00 0.000e+00 0.000e+00))
114       	((3.866e+01 -7.813e+00 -8.880e+01) (6.947e-01 -2.285e-02 1.756e-01) (0.000e+00 0.000e+00 0.000e+00)) ((2.826e+01 1.864e+02 -3.678e+00) (-2.852e-02 9.032e-02 2.060e-01) (0.000e+00 0.000e+00 0.000e+00))
115       	((3.859e+01 -7.784e+00 -8.866e+01) (6.958e-01 -2.304e-02 1.762e-01) (0.000e+00 0.000e+00 0.000e+00)) ((2.821e+01 1.861e+02 -3.660e+00) (-2.862e-02 9.008e-02 2.059e-01) (0.000e+00 0.000e+00 0.000e+00))
116       	((3.852e+01 -7.779e+00 -8.861e+01) (6.976e-01 -2.315e-02 1.765e-01) (0.000e+00 0.000e+00 0.000e+00)) ((2.818e+01 1.859e+02 -3.692e+00) (-2.866e-02 9.057e-02 2.061e-01) (0.000e+00 0.000e+00 0.000e+00))
117       	((3.847e+01 -7.801e+00 -8.865e+01) (7.002e-01 -2.323e-02 1.764e-01) (0.000e+00 0.000e+00 0.000e+00)) ((2.819e+01 1.859e+02 -3.766e+00) (-2.860e-02 9.182e-02 2.067e-01) (0.000e+00 0.000e+00 0.000e+00))
118       	((3.843e+01 -7.825e+00 -8.880e+01) (7.036e-01 -2.327e-02 1.761e-01) (0.000e+00 0.000e+00 0.000e+00)) ((2.823e+01 1.861e+02 -3.844e+00) (-2.845e-02 9.390e-02 2.078e-01) (0.000e+00 0.000e+00 0.000e+00))
119       	((3.841e+01 -7.867e+00 -8.901e+01) (7.077e-01 -2.330e-02 1.755e-01) (0.000e+00 0.000e+00 0.000e+00)) ((2.830e+01 1.865e+02 -3.953e+00) (-2.819e-02 9.670e-02 2.090e-01) (0.000e+00 0.000e+00 0.000e+00))
120       	((3.842e+01 -7.855e+00 -8.927e+01) (7.122e-01 -2.329e-02 1.748e-01) (0.000e+00 0.000e+00 0.000e+00)) ((2.834e+01 1.869e+02 -3.964e+00) (-2.791e-02 9.994e-02 2.106e-01) (0.000e+00 0.000e+00 0.000e+00))
121       	((3.845e+01 -7.808e+00 -8.955e+01) (7.171e-01 -2.323e-02 1.741e-01) (0.000e+00 0.000e+00 0.000e+00)) ((2.838e+01 1.874e+02 -3.906e+00) (-2.767e-02 1.033e-01 2.123e-01) (0.000e+00 0.000e+00 0.000e+00))
122       	((3.850e+01 -7.770e+00 -8.982e+01) (7.220e-01 -2.316e-02 1.736e-01) (0.000e+00 0.000e+00 0.000e+00)) ((2.842e+01 1.879e+02 -3.861e+00) (-2.751e-02 1.064e-01 2.141e-01) (0.000e+00 0.000e+00 0.000e+00))
123       	((3.856e+01 -7.723e+00 -9.005e+01) (7.269e-01 -2.303e-02 1.734e-01) (0.000e+00 0.000e+00 0.000e+00)) ((2.845e+01 1.884e+02 -3.791e+00) (-2.749e-02 1.091e-01 2.161e-01) (0.000e+00 0.000e+00 0.000e+00))
124       	((3.862e+01 -7.656e+00 -9.026e+01) (7.316e-01 -2.283e-02 1.735e-01) (0.000e+00 0.000e+00 0.000e+00)) ((2.846e+01 1.888e+02 -3.680e+00) (-2.763e-02 1.111e-01 2.181e-01) (0.000e+00 0.000e+00 0.000e+00))
125       	((3.867e+01 -7.561e+00 -9.043e+01) (7.359e-01 -2.246e-02 1.739e-01) (0.000e+00 0.000e+00 0.000e+00)) ((2.846e+01 1.891e+02 -3.529e+00) (-2.797e-02 1.125e-01 2.203e-01) (0.000e+00 0.000e+00 0.000e+00))
126       	((3.871e+01 -7.408e+00 -9.055e+01) (7.396e-01 -2.192e-02 1.747e-01) (0.000e+00 0.000e+00 0.000e+00)) ((2.843e+01 1.894e+02 -3.286e+00) (-2.848e-02 1.130e-01 2.225e-01) (0.000e+00 0.000e+00 0.000e+00))
127       	((3.872e+01 -7.241e+00 -9.062e+01) (7.427e-01 -2.131e-02 1.755e-01) (0.000e+00 0.000e+00 0.000e+00)) ((2.837e+01 1.895e+02 -3.023e+00) (-2.905e-02 1.130e-01 2.247e-01) (0.000e+00 0.000e+00 0.000e+00))
128       	((3.872e+01 -7.088e+00 -9.064e+01) (7.452e-01 -2.075e-02 1.763e-01) (0.000e+00 0.000e+00 0.000e+00)) ((2.831e+01 1.896e+02 -2.780e+00) (-2.956e-02 1.126e-01 2.265e-01) (0.000e+00 0.000e+00 0.000e+00))
129       	((3.869e+01 -7.011e+00 -9.061e+01) (7.470e-01 -2.043e-02 1.769e-01) (0.000e+00 0.000e+00 0.000e+00)) ((2.828e+01 1.895e+02 -2.658e+00) (-2.988e-02 1.122e-01 2.278e-01) (0.000e+00 0.000e+00 0.000e+00))
130       	((3.865e+01 -6.984e+00 -9.054e+01) (7.484e-01 -2.043e-02 1.773e-01) (0.000e+00 0.000e+00 0.000e+00)) ((2.826e+01 1.893e+02 -2.610e+00) (-2.996e-02 1.118e-01 2.284e-01) (0.000e+00 0.000e+00 0.000e+00))
131       	((3.859e+01 -6.928e+00 -9.047e+01) (7.493e-01 -2.070e-02 1.774e-01) (0.000e+00 0.000e+00 0.000e+00)) ((2.822e+01 1.891e+02 -2.515e+00) (-2.985e-02 1.115e-01 2.284e-01) (0.000e+00 0.000e+00 0.000e+00))
132       	((3.853e+01 -6.843e+00 -9.042e+01) (7.498e-01 -2.110e-02 1.773e-01) (0.000e+00 0.000e+00 0.000e+00)) ((2.817e+01 1.890e+02 -2.379e+00) (-2.960e-02 1.114e-01 2.281e-01) (0.000e+00 0.000e+00 0.000e+00))
133       	((3.846e+01 -6.699e+00 -9.041e+01) (7.499e-01 -2.148e-02 1.771e-01) (0.000e+00 0.000e+00 0.000e+00)) ((2.810e+01 1.889e+02 -2.151e+00) (-2.929e-02 1.114e-01 2.275e-01) (0.000e+00 0.000e+00 0.000e+00))
134       	((3.839e+01 -6.655e+00 -9.040e+01) (7.498e-01 -2.192e-02 1.768e-01) (0.000e+00 0.000e+00 0.000e+00)) ((2.808e+01 1.888e+02 -2.096e+00) (-2.893e-02 1.115e-01 2.267e-01) (0.000e+00 0.000e+00 0.000e+00))
135       	((3.833e+01 -6.698e+00 -9.041e+01) (7.495e-01 -2.248e-02 1.765e-01) (0.000e+00 0.000e+00 0.000e+00)) ((2.811e+01 1.888e+02 -2.179e+00) (-2.849e-02 1.118e-01 2.256e-01) (0.000e+00 0.000e+00 0.000e+00))
136       	((3.829e+01 -6.821e+00 -9.039e+01) (7.490e-01 -2.312e-02 1.763e-01) (0.000e+00 0.000e+00 0.000e+00)) ((2.818e+01 1.887e+02 -2.393e+00) (-2.805e-02 1.119e-01 2.242e-01) (0.000e+00 0.000e+00 0.000e+00))
137       	((3.825e+01 -6.967e+00 -9.036e+01) (7.483e-01 -2.381e-02 1.763e-01) (0.000e+00 0.000e+00 0.000e+00)) ((2.826e+01 1.887e+02 -2.640e+00) (-2.767e-02 1.118e-01 2.227e-01) (0.000e+00 0.000e+00 0.000e+00))
138       	((3.822e+01 -7.104e+00 -9.032e+01) (7.475e-01 -2.445e-02 1.764e-01) (0.000e+00 0.000e+00 0.000e+00)) ((2.833e+01 1.886e+02 -2.877e+00) (-2.739e-02 1.112e-01 2.211e-01) (0.000e+00 0.000e+00 0.000e+00))
139       	((3.821e+01 -7.183e+00 -9.024e+01) (7.466e-01 -2.495e-02 1.769e-01) (0.000e+00 0.000e+00 0.000e+00)) ((2.836e+01 1.884e+02 -3.022e+00) (-2.725e-02 1.104e-01 2.196e-01) (0.000e+00 0.000e+00 0.000e+00))
140       	((3.820e+01 -7.242e+00 -9.014e+01) (7.457e-01 -2.532e-02 1.774e-01) (0.000e+00 0.000e+00 0.000e+00)) ((2.836e+01 1.883e+02 -3.131e+00) (-2.724e-02 1.093e-01 2.185e-01) (0.000e+00 0.000e+00 0.000e+00))
141       	((3.819e+01 -7.324e+00 -8.999e+01) (7.451e-01 -2.557e-02 1.781e-01) (0.000e+00 0.000e+00 0.000e+00)) ((2.837e+01 1.880e+02 -3.275e+00) (-2.732e-02 1.081e-01 2.176e-01) (0.000e+00 0.000e+00 0.000e+00))
142       	((3.820e+01 -7.436e+00 -8.983e+01) (7.447e-01 -2.573e-02 1.787e-01) (0.000e+00 0.000e+00 0.000e+00)) ((2.838e+01 1.877e+02 -3.455e+00) (-2.743e-02 1.071e-01 2.170e-01) (0.000e+00 0.000e+00 0.000e+00))
143       	((3.821e+01 -7.544e+00 -8.969e+01) (7.448e-01 -2.576e-02 1.791e-01) (0.000e+00 0.000e+00 0.000e+00)) ((2.840e+01 1.875e+02 -3.617e+00) (-2.753e-02 1.066e-01 2.169e-01) (0.000e+00 0.000e+00 0.000e+00))
144       	((3.823e+01 -7.613e+00 -8.958e+01) (7.452e-01 -2.566e-02 1.792e-01) (0.000e+00 0.000e+00 0.000e+00)) ((2.839e+01 1.873e+02 -3.713e+00) (-2.762e-02 1.065e-01 2.173e-01) (0.000e+00 0.000e+00 0.000e+00))
145       	((3.825e+01 -7.607e+00 -8.952e+01) (7.461e-01 -2.538e-02 1.791e-01) (0.000e+00 0.000e+00 0.000e+00)) ((2.836e+01 1.872e+02 -3.687e+00) (-2.769e-02 1.071e-01 2.181e-01) (0.000e+00 0.000e+00 0.000e+00))
146       	((3.827e+01 -7.556e+00 -8.949e+01) (7.475e-01 -2.494e-02 1.787e-01) (0.000e+00 0.000e+00 0.000e+00)) ((2.831e+01 1.872e+02 -3.596e+00) (-2.775e-02 1.083e-01 2.195e-01) (0.000e+00 0.000e+00 0.000e+00))
147       	((3.830e+01 -7.489e+00 -8.947e+01) (7.492e-01 -2.437e-02 1.782e-01) (0.000e+00 0.000e+00 0.000e+00)) ((2.826e+01 1.872e+02 -3.481e+00) (-2.782e-02 1.098e-01 2.212e-01) (0.000e+00 0.000e+00 0.000e+00))
148       	((3.832e+01 -7.447e+00 -8.946e+01) (7.512e-01 -2.376e-02 1.777e-01) (0.000e+00 0.000e+00 0.000e+00)) ((2.821e+01 1.872e+02 -3.407e+00) (-2.792e-02 1.114e-01 2.231e-01) (0.000e+00 0.000e+00 0.000e+00))
149       	((3.834e+01 -7.418e+00 -8.944e+01) (7.532e-01 -2.317e-02 1.773e-01) (0.000e+00 0.000e+00 0.000e+00)) ((2.818e+01 1.872e+02 -3.357e+00) (-2.805e-02 1.129e-01 2.250e-01) (0.000e+00 0.000e+00 0.000e+00))
150       	((3.836e+01 -7.347e+00 -8.945e+01) (7.549e-01 -2.255e-02 1.770e-01) (0.000e+00 0.000e+00 0.000e+00)) ((2.814e+01 1.872e+02 -3.240e+00) (-2.827e-02 1.141e-01 2.269e-01) (0.000e+00 0.000e+00 0.000e+00))
151       	((3.836e+01 -7.232e+00 -8.946e+01) (7.561e-01 -2.189e-02 1.770e-01) (0.000e+00 0.000e+00 0.000e+00)) ((2.808e+01 1.872e+02 -3.055e+00) (-2.860e-02 1.146e-01 2.286e-01) (0.000e+00 0.000e+00 0.000e+00))
152       	((3.837e+01 -7.029e+00 -8.950e+01) (7.565e-01 -2.123e-02 1.772e-01) (0.000e+00 0.000e+00 0.000e+00)) ((2.798e+01 1.873e+02 -2.725e+00) (-2.902e-02 1.145e-01 2.300e-01) (0.000e+00 0.000e+00 0.000e+00))
153       	((3.836e+01 -6.929e+00 -8.949e+01) (7.560e-01 -2.070e-02 1.776e-01) (0.000e+00 0.000e+00 0.000e+00)) ((2.793e+01 1.873e+02 -2.564e+00) (-2.942e-02 1.136e-01 2.307e-01) (0.000e+00 0.000e+00 0.000e+00))
154       	((3.834e+01 -6.912e+00 -8.943e+01) (7.545e-01 -2.046e-02 1.781e-01) (0.000e+00 0.000e+00 0.000e+00)) ((2.792e+01 1.872e+02 -2.526e+00) (-2.973e-02 1.122e-01 2.306e-01) (0.000e+00 0.000e+00 0.000e+00))
155       	((3.831e+01 -6.978e+00 -8.932e+01) (7.523e-01 -2.055e-02 1.786e-01) (0.000e+00 0.000e+00 0.000e+00)) ((2.793e+01 1.870e+02 -2.604e+00) (-2.988e-02 1.104e-01 2.297e-01) (0.000e+00 0.000e+00 0.000e+00))
156       	((3.828e+01 -7.072e+00 -8.919e+01) (7.491e-01 -2.094e-02 1.791e-01) (0.000e+00 0.000e+00 0.000e+00)) ((2.795e+01 1.867e+02 -2.725e+00) (-2.991e-02 1.081e-01 2.278e-01) (0.000e+00 0.000e+00 0.000e+00))
157       	((3.824e+01 -7.161e+00 -8.903e+01) (7.453e-01 -2.146e-02 1.797e-01) (0.000e+00 0.000e+00 0.000e+00)) ((2.796e+01 1.864e+02 -2.838e+00) (-2.990e-02 1.055e-01 2.255e-01) (0.000e+00 0.000e+00 0.000e+00))
158       	((3.820e+01 -7.290e+00 -8.883e+01) (7.410e-01 -2.201e-02 1.803e-01) (0.000e+00 0.000e+00 0.000e+00)) ((2.798e+01 1.860e+02 -3.017e+00) (-2.989e-02 1.027e-01 2.229e-01) (0.000e+00 0.000e+00 0.000e+00))
159       	((3.818e+01 -7.440e+00 -8.867e+01) (7.365e-01 -2.255e-02 1.809e-01) (0.000e+00 0.000e+00 0.000e+00)) ((2.801e+01 1.858e+02 -3.232e+00) (-2.988e-02 9.979e-02 2.201e-01) (0.000e+00 0.000e+00 0.000e+00))
160       	((3.818e+01 -7.731e+00 -8.849e+01) (7.320e-01 -2.319e-02 1.816e-01) (0.000e+00 0.000e+00 0.000e+00)) ((2.811e+01 1.854e+02 -3.664e+00) (-2.982e-02 9.697e-02 2.172e-01) (0.000e+00 0.000e+00 0.000e+00))
161       	((3.820e+01 -8.050e+00 -8.833e+01) (7.277e-01 -2.387e-02 1.822e-01) (0.000e+00 0.000e+00 0.000e+00)) ((2.822e+01 1.852e+02 -4.135e+00) (-2.976e-02 9.425e-02 2.143e-01) (0.000e+00 0.000e+00 0.000e+00))
162       	((3.822e+01 -8.389e+00 -8.818e+01) (7.238e-01 -2.454e-02 1.831e-01) (0.000e+00 0.000e+00 0.000e+00)) ((2.834e+01 1.850e+02 -4.644e+00) (-2.979e-02 9.151e-02 2.115e-01) (0.000e+00 0.000e+00 0.000e+00))
163       	((3.826e+01 -8.474e+00 -8.814e+01) (7.205e-01 -2.498e-02 1.840e-01) (0.000e+00 0.000e+00 0.000e+00)) ((2.834e+01 1.849e+02 -4.757e+00) (-2.999e-02 8.883e-02 2.093e-01) (0.000e+00 0.000e+00 0.000e+00))
164       	((3.829e+01 -8.412e+00 -8.816e+01) (7.178e-01 -2.512e-02 1.850e-01) (0.000e+00 0.000e+00 0.000e+00)) ((2.828e+01 1.850e+02 -4.653e+00) (-3.033e-02 8.637e-02 2.077e-01) (0.000e+00 0.000e+00 0.000e+00))
165       	((3.830e+01 -8.249e+00 -8.823e+01) (7.159e-01 -2.499e-02 1.859e-01) (0.000e+00 0.000e+00 0.000e+00)) ((2.816e+01 1.851e+02 -4.405e+00) (-3.075e-02 8.440e-02 2.068e-01) (0.000e+00 0.000e+00 0.000e+00))
166       	((3.831e+01 -8.157e+00 -8.832e+01) (7.147e-01 -2.480e-02 1.865e-01) (0.000e+00 0.000e+00 0.000e+00)) ((2.810e+01 1.853e+02 -4.281e+00) (-3.106e-02 8.317e-02 2.063e-01) (0.000e+00 0.000e+00 0.000e+00))
167       	((3.833e+01 -8.109e+00 -8.846e+01) (7.144e-01 -2.470e-02 1.867e-01) (0.000e+00 0.000e+00 0.000e+00)) ((2.806e+01 1.855e+02 -4.222e+00) (-3.119e-02 8.282e-02 2.060e-01) (0.000e+00 0.000e+00 0.000e+00))
168       	((3.836e+01 -8.097e+00 -8.863e+01) (7.150e-01 -2.467e-02 1.865e-01) (0.000e+00 0.000e+00 0.000e+00)) ((2.806e+01 1.858e+02 -4.216e+00) (-3.112e-02 8.342e-02 2.060e-01) (0.000e+00 0.000e+00 0.000e+00))
169       	((3.842e+01 -8.092e+00 -8.884e+01) (7.165e-01 -2.468e-02 1.859e-01) (0.000e+00 0.000e+00 0.000e+00)) ((2.808e+01 1.862e+02 -4.217e+00) (-3.085e-02 8.503e-02 2.063e-01) (0.000e+00 0.000e+00 0.000e+00))
170       	((3.848e+01 -8.032e+00 -8.908e+01) (7.188e-01 -2.469e-02 1.850e-01) (0.000e+00 0.000e+00 0.000e+00)) ((2.808e+01 1.867e+02 -4.125e+00) (-3.041e-02 8.749e-02 2.070e-01) (0.000e+00 0.000e+00 0.000e+00))
171       	((3.854e+01 -7.915e+00 -8.931e+01) (7.216e-01 -2.466e-02 1.837e-01) (0.000e+00 0.000e+00 0.000e+00)) ((2.806e+01 1.871e+02 -3.938e+00) (-2.988e-02 9.060e-02 2.079e-01) (0.000e+00 0.000e+00 0.000e+00))
172       	((3.862e+01 -7.767e+00 -8.953e+01) (7.248e-01 -2.462e-02 1.824e-01) (0.000e+00 0.000e+00 0.000e+00)) ((2.802e+01 1.876e+02 -3.708e+00) (-2.931e-02 9.397e-02 2.090e-01) (0.000e+00 0.000e+00 0.000e+00))
173       	((3.867e+01 -7.648e+00 -8.969e+01) (7.283e-01 -2.464e-02 1.812e-01) (0.000e+00 0.000e+00 0.000e+00)) ((2.799e+01 1.879e+02 -3.525e+00) (-2.875e-02 9.729e-02 2.102e-01) (0.000e+00 0.000e+00 0.000e+00))
174       	((3.872e+01 -7.541e+00 -8.982e+01) (7.318e-01 -2.469e-02 1.802e-01) (0.000e+00 0.000e+00 0.000e+00)) ((2.796e+01 1.881e+02 -3.361e+00) (-2.826e-02 1.003e-01 2.114e-01) (0.000e+00 0.000e+00 0.000e+00))
175       	((3.875e+01 -7.431e+00 -8.992e+01) (7.352e-01 -2.470e-02 1.795e-01) (0.000e+00 0.000e+00 0.000e+00)) ((2.794e+01 1.883e+02 -3.190e+00) (-2.790e-02 1.029e-01 2.128e-01) (0.000e+00 0.000e+00 0.000e+00))
176       	((3.877e+01 -7.294e+00 -9.003e+01) (7.385e-01 -2.458e-02 1.790e-01) (0.000e+00 0.000e+00 0.000e+00)) ((2.791e+01 1.885e+02 -2.976e+00) (-2.774e-02 1.049e-01 2.145e-01) (0.000e+00 0.000e+00 0.000e+00))
177       	((3.878e+01 -7.107e+00 -9.017e+01) (7.414e-01 -2.426e-02 1.789e-01) (0.000e+00 0.000e+00 0.000e+00)) ((2.786e+01 1.888e+02 -2.685e+00) (-2.781e-02 1.062e-01 2.163e-01) (0.000e+00 0.000e+00 0.000e+00))
178       	((3.877e+01 -6.903e+00 -9.030e+01) (7.438e-01 -2.381e-02 1.790e-01) (0.000e+00 0.000e+00 0.000e+00)) ((2.781e+01 1.890e+02 -2.375e+00) (-2.806e-02 1.069e-01 2.181e-01) (0.000e+00 0.000e+00 0.000e+00))
179       	((3.874e+01 -6.732e+00 -9.041e+01) (7.457e-01 -2.335e-02 1.794e-01) (0.000e+00 0.000e+00 0.000e+00)) ((2.778e+01 1.891e+02 -2.118e+00) (-2.842e-02 1.069e-01 2.197e-01) (0.000e+00 0.000e+00 0.000e+00))
180       	((3.872e+01 -6.631e+00 -9.051e+01) (7.469e-01 -2.299e-02 1.800e-01) (0.000e+00 0.000e+00 0.000e+00)) ((2.777e+01 1.893e+02 -1.968e+00) (-2.879e-02 1.065e-01 2.209e-01) (0.000e+00 0.000e+00 0.000e+00))
181       	((3.869e+01 -6.643e+00 -9.057e+01) (7.476e-01 -2.282e-02 1.806e-01) (0.000e+00 0.000e+00 0.000e+00)) ((2.782e+01 1.893e+02 -1.990e+00) (-2.911e-02 1.056e-01 2.216e-01) (0.000e+00 0.000e+00 0.000e+00))
182       	((3.866e+01 -6.716e+00 -9.060e+01) (7.478e-01 -2.286e-02 1.812e-01) (0.000e+00 0.000e+00 0.000e+00)) ((2.788e+01 1.894e+02 -2.098e+00) (-2.933e-02 1.046e-01 2.218e-01) (0.000e+00 0.000e+00 0.000e+00))
183       	((3.864e+01 -6.821e+00 -9.064e+01) (7.475e-01 -2.298e-02 1.817e-01) (0.000e+00 0.000e+00 0.000e+00)) ((2.797e+01 1.894e+02 -2.255e+00) (-2.949e-02 1.034e-01 2.216e-01) (0.000e+00 0.000e+00 0.000e+00))
184       	((3.862e+01 -6.889e+00 -9.066e+01) (7.469e-01 -2.308e-02 1.822e-01) (0.000e+00 0.000e+00 0.000e+00)) ((2.803e+01 1.895e+02 -2.356e+00) (-2.964e-02 1.023e-01 2.213e-01) (0.000e+00 0.000e+00 0.000e+00))
185       	((3.860e+01 -6.957e+00 -9.065e+01) (7.461e-01 -2.311e-02 1.827e-01) (0.000e+00 0.000e+00 0.000e+00)) ((2.808e+01 1.894e+02 -2.465e+00) (-2.983e-02 1.011e-01 2.210e-01) (0.000e+00 0.000e+00 0.000e+00))
186       	((3.858e+01 -7.076e+00 -9.062e+01) (7.452e-01 -2.307e-02 1.833e-01) (0.000e+00 0.000e+00 0.000e+00)) ((2.815e+01 1.894e+02 -2.667e+00) (-3.006e-02 9.980e-02 2.208e-01) (0.000e+00 0.000e+00 0.000e+00))
187       	((3.857e+01 -7.250e+00 -9.055e+01) (7.442e-01 -2.299e-02 1.840e-01) (0.000e+00 0.000e+00 0.000e+00)) ((2.824e+01 1.892e+02 -2.959e+00) (-3.037e-02 9.836e-02 2.205e-01) (0.000e+00 0.000e+00 0.000e+00))
188       	((3.856e+01 -7.433e+00 -9.047e+01) (7.430e-01 -2.285e-02 1.849e-01) (0.000e+00 0.000e+00 0.000e+00)) ((2.833e+01 1.891e+02 -3.262e+00) (-3.077e-02 9.667e-02 2.204e-01) (0.000e+00 0.000e+00 0.000e+00))
189       	((3.855e+01 -7.596e+00 -9.040e+01) (7.417e-01 -2.261e-02 1.858e-01) (0.000e+00 0.000e+00 0.000e+00)) ((2.841e+01 1.890e+02 -3.537e+00) (-3.126e-02 9.478e-02 2.203e-01) (0.000e+00 0.000e+00 0.000e+00))
190       	((3.855e+01 -7.677e+00 -9.034e+01) (7.403e-01 -2.221e-02 1.868e-01) (0.000e+00 0.000e+00 0.000e+00)) ((2.844e+01 1.889e+02 -3.682e+00) (-3.185e-02 9.276e-02 2.205e-01) (0.000e+00 0.000e+00 0.000e+00))
191       	((3.855e+01 -7.714e+00 -9.029e+01) (7.389e-01 -2.168e-02 1.878e-01) (0.000e+00 0.000e+00 0.000e+00)) ((2.845e+01 1.888e+02 -3.759e+00) (-3.252e-02 9.070e-02 2.208e-01) (0.000e+00 0.000e+00 0.000e+00))
192       	((3.854e+01 -7.771e+00 -9.023e+01) (7.375e-01 -2.109e-02 1.887e-01) (0.000e+00 0.000e+00 0.000e+00)) ((2.846e+01 1.887e+02 -3.866e+00) (-3.321e-02 8.869e-02 2.213e-01) (0.000e+00 0.000e+00 0.000e+00))
193       	((3.855e+01 -7.890e+00 -9.018e+01) (7.363e-01 -2.052e-02 1.896e-01) (0.000e+00 0.000e+00 0.000e+00)) ((2.851e+01 1.886e+02 -4.066e+00) (-3.388e-02 8.684e-02 2.218e-01) (0.000e+00 0.000e+00 0.000e+00))
194       	((3.857e+01 -8.027e+00 -9.013e+01) (7.353e-01 -2.002e-02 1.904e-01) (0.000e+00 0.000e+00 0.000e+00)) ((2.856e+01 1.886e+02 -4.283e+00) (-3.449e-02 8.518e-02 2.223e-01) (0.000e+00 0.000e+00 0.000e+00))
195       	((3.860e+01 -8.141e+00 -9.011e+01) (7.343e-01 -1.954e-02 1.911e-01) (0.000e+00 0.000e+00 0.000e+00)) ((2.860e+01 1.885e+02 -4.455e+00) (-3.503e-02 8.382e-02 2.228e-01) (0.000e+00 0.000e+00 0.000e+00))
196       	((3.864e+01 -8.181e+00 -9.010e+01) (7.334e-01 -1.902e-02 1.916e-01) (0.000e+00 0.000e+00 0.000e+00)) ((2.861e+01 1.886e+02 -4.506e+00) (-3.551e-02 8.278e-02 2.234e-01) (0.000e+00 0.000e+00 0.000e+00))
197       	((3.868e+01 -8.166e+00 -9.009e+01) (7.326e-01 -1.848e-02 1.919e-01) (0.000e+00 0.000e+00 0.000e+00)) ((2.859e+01 1.886e+02 -4.471e+00) (-3.592e-02 8.207e-02 2.240e-01) (0.000e+00 0.000e+00 0.000e+00))
198       	((3.871e+01 -8.146e+00 -9.006e+01) (7.318e-01 -1.798e-02 1.920e-01) (0.000e+00 0.000e+00 0.000e+00)) ((2.856e+01 1.886e+02 -4.428e+00) (-3.622e-02 8.165e-02 2.245e-01) (0.000e+00 0.000e+00 0.000e+00))
199       	((3.874e+01 -8.188e+00 -9.000e+01) (7.310e-01 -1.762e-02 1.918e-01) (0.000e+00 0.000e+00 0.000e+00)) ((2.855e+01 1.885e+02 -4.483e+00) (-3.636e-02 8.162e-02 2.248e-01) (0.000e+00 0.000e+00 0.000e+00))
200       	((3.875e+01 -8.276e+00 -8.990e+01) (7.303e-01 -1.751e-02 1.915e-01) (0.000e+00 0.000e+00 0.000e+00)) ((2.857e+01 1.883e+02 -4.605e+00) (-3.627e-02 8.195e-02 2.247e-01) (0.000e+00 0.000e+00 0.000e+00))
201       	((3.875e+01 -8.350e+00 -8.980e+01) (7.296e-01 -1.761e-02 1.908e-01) (0.000e+00 0.000e+00 0.000e+00)) ((2.857e+01 1.882e+02 -4.702e+00) (-3.599e-02 8.270e-02 2.244e-01) (0.000e+00 0.000e+00 0.000e+00))
202       	((3.874e+01 -8.372e+00 -8.969e+01) (7.290e-01 -1.783e-02 1.900e-01) (0.000e+00 0.000e+00 0.000e+00)) ((2.855e+01 1.880e+02 -4.715e+00) (-3.555e-02 8.383e-02 2.239e-01) (0.000e+00 0.000e+00 0.000e+00))
203       	((3.872e+01 -8.322e+00 -8.960e+01) (7.287e-01 -1.810e-02 1.889e-01) (0.000e+00 0.000e+00 0.000e+00)) ((2.850e+01 1.878e+02 -4.619e+00) (-3.501e-02 8.534e-02 2.234e-01) (0.000e+00 0.000e+00 0.000e+00))
204       	((3.869e+01 -8.258e+00 -8.950e+01) (7.285e-01 -1.839e-02 1.878e-01) (0.000e+00 0.000e+00 0.000e+00)) ((2.845e+01 1.876e+02 -4.509e+00) (-3.441e-02 8.714e-02 2.230e-01) (0.000e+00 0.000e+00 0.000e+00))
205       	((3.866e+01 -8.231e+00 -8.940e+01) (7.287e-01 -1.876e-02 1.866e-01) (0.000e+00 0.000e+00 0.000e+00)) ((2.842e+01 1.874e+02 -4.460e+00) (-3.376e-02 8.914e-02 2.225e-01) (0.000e+00 0.000e+00 0.000e+00))
206       	((3.863e+01 -8.271e+00 -8.930e+01) (7.291e-01 -1.923e-02 1.855e-01) (0.000e+00 0.000e+00 0.000e+00)) ((2.842e+01 1.872e+02 -4.519e+00) (-3.309e-02 9.114e-02 2.220e-01) (0.000e+00 0.000e+00 0.000e+00))
207       	((3.860e+01 -8.341e+00 -8.920e+01) (7.298e-01 -1.977e-02 1.846e-01) (0.000e+00 0.000e+00 0.000e+00)) ((2.844e+01 1.870e+02 -4.623e+00) (-3.248e-02 9.301e-02 2.215e-01) (0.000e+00 0.000e+00 0.000e+00))
208       	((3.858e+01 -8.387e+00 -8.912e+01) (7.307e-01 -2.027e-02 1.840e-01) (0.000e+00 0.000e+00 0.000e+00)) ((2.846e+01 1.869e+02 -4.693e+00) (-3.201e-02 9.451e-02 2.211e-01) (0.000e+00 0.000e+00 0.000e+00))
209       	((3.857e+01 -8.392e+00 -8.907e+01) (7.318e-01 -2.063e-02 1.838e-01) (0.000e+00 0.000e+00 0.000e+00)) ((2.846e+01 1.868e+02 -4.703e+00) (-3.180e-02 9.543e-02 2.209e-01) (0.000e+00 0.000e+00 0.000e+00))
210       	((3.857e+01 -8.369e+00 -8.901e+01) (7.329e-01 -2.077e-02 1.842e-01) (0.000e+00 0.000e+00 0.000e+00)) ((2.845e+01 1.867e+02 -4.680e+00) (-3.191e-02 9.552e-02 2.211e-01) (0.000e+00 0.000e+00 0.000e+00))
211       	((3.858e+01 -8.341e+00 -8.897e+01) (7.340e-01 -2.070e-02 1.852e-01) (0.000e+00 0.000e+00 0.000e+00)) ((2.843e+01 1.866e+02 -4.654e+00) (-3.235e-02 9.474e-02 2.216e-01) (0.000e+00 0.000e+00 0.000e+00))
212       	((3.859e+01 -8.325e+00 -8.892e+01) (7.350e-01 -2.045e-02 1.867e-01) (0.000e+00 0.000e+00 0.000e+00)) ((2.841e+01 1.865e+02 -4.649e+00) (-3.307e-02 9.311e-02 2.223e-01) (0.000e+00 0.000e+00 0.000e+00))
213       	((3.860e+01 -8.313e+00 -8.887e+01) (7.357e-01 -2.005e-02 1.884e-01) (0.000e+00 0.000e+00 0.000e+00)) ((2.839e+01 1.865e+02 -4.651e+00) (-3.398e-02 9.087e-02 2.232e-01) (0.000e+00 0.000e+00 0.000e+00))
214       	((3.860e+01 -8.267e+00 -8.884e+01) (7.361e-01 -1.949e-02 1.903e-01) (0.000e+00 0.000e+00 0.000e+00)) ((2.835e+01 1.864e+02 -4.601e+00) (-3.502e-02 8.824e-02 2.242e-01) (0.000e+00 0.000e+00 0.000e+00))
215       	((3.861e+01 -8.161e+00 -8.883e+01) (7.363e-01 -1.871e-02 1.920e-01) (0.000e+00 0.000e+00 0.000e+00)) ((2.827e+01 1.864e+02 -4.455e+00) (-3.611e-02 8.557e-02 2.255e-01) (0.000e+00 0.000e+00 0.000e+00))
216       	((3.860e+01 -8.030e+00 -8.883e+01) (7.362e-01 -1.775e-02 1.935e-01) (0.000e+00 0.000e+00 0.000e+00)) ((2.818e+01 1.864e+02 -4.270e+00) (-3.718e-02 8.312e-02 2.269e-01) (0.000e+00 0.000e+00 0.000e+00))
217       	((3.859e+01 -7.913e+00 -8.882e+01) (7.359e-01 -1.672e-02 1.945e-01) (0.000e+00 0.000e+00 0.000e+00)) ((2.809e+01 1.864e+02 -4.103e+00) (-3.807e-02 8.126e-02 2.284e-01) (0.000e+00 0.000e+00 0.000e+00))
218       	((3.858e+01 -7.829e+00 -8.881e+01) (7.355e-01 -1.579e-02 1.947e-01) (0.000e+00 0.000e+00 0.000e+00)) ((2.801e+01 1.863e+02 -3.976e+00) (-3.862e-02 8.032e-02 2.297e-01) (0.000e+00 0.000e+00 0.000e+00))
219       	((3.856e+01 -7.784e+00 -8.879e+01) (7.350e-01 -1.513e-02 1.941e-01) (0.000e+00 0.000e+00 0.000e+00)) ((2.795e+01 1.863e+02 -3.901e+00) (-3.872e-02 8.060e-02 2.306e-01) (0.000e+00 0.000e+00 0.000e+00))
220       	((3.853e+01 -7.733e+00 -8.878e+01) (7.346e-01 -1.474e-02 1.928e-01) (0.000e+00 0.000e+00 0.000e+00)) ((2.790e+01 1.862e+02 -3.807e+00) (-3.838e-02 8.212e-02 2.313e-01) (0.000e+00 0.000e+00 0.000e+00))
221       	((3.849e+01 -7.643e+00 -8.880e+01) (7.345e-01 -1.455e-02 1.908e-01) (0.000e+00 0.000e+00 0.000e+00)) ((2.783e+01 1.862e+02 -3.647e+00) (-3.770e-02 8.468e-02 2.317e-01) (0.000e+00 0.000e+00 0.000e+00))
222       	((3.843e+01 -7.515e+00 -8.883e+01) (7.343e-01 -1.455e-02 1.883e-01) (0.000e+00 0.000e+00 0.000e+00)) ((2.777e+01 1.862e+02 -3.429e+00) (-3.673e-02 8.806e-02 2.319e-01) (0.000e+00 0.000e+00 0.000e+00))
223       	((3.837e+01 -7.394e+00 -8.888e+01) (7.341e-01 -1.471e-02 1.856e-01) (0.000e+00 0.000e+00 0.000e+00)) ((2.772e+01 1.862e+02 -3.227e+00) (-3.552e-02 9.204e-02 2.317e-01) (0.000e+00 0.000e+00 0.000e+00))
224       	((3.830e+01 -7.334e+00 -8.892e+01) (7.337e-01 -1.509e-02 1.826e-01) (0.000e+00 0.000e+00 0.000e+00)) ((2.771e+01 1.862e+02 -3.122e+00) (-3.414e-02 9.631e-02 2.311e-01) (0.000e+00 0.000e+00 0.000e+00))
225       	((3.823e+01 -7.355e+00 -8.896e+01) (7.333e-01 -1.573e-02 1.796e-01) (0.000e+00 0.000e+00 0.000e+00)) ((2.777e+01 1.862e+02 -3.146e+00) (-3.262e-02 1.007e-01 2.300e-01) (0.000e+00 0.000e+00 0.000e+00))
226       	((3.817e+01 -7.452e+00 -8.900e+01) (7.331e-01 -1.654e-02 1.770e-01) (0.000e+00 0.000e+00 0.000e+00)) ((2.787e+01 1.862e+02 -3.284e+00) (-3.114e-02 1.047e-01 2.288e-01) (0.000e+00 0.000e+00 0.000e+00))
227       	((3.813e+01 -7.598e+00 -8.902e+01) (7.333e-01 -1.737e-02 1.750e-01) (0.000e+00 0.000e+00 0.000e+00)) ((2.800e+01 1.862e+02 -3.493e+00) (-2.991e-02 1.080e-01 2.277e-01) (0.000e+00 0.000e+00 0.000e+00))
228       	((3.812e+01 -7.801e+00 -8.901e+01) (7.339e-01 -1.813e-02 1.740e-01) (0.000e+00 0.000e+00 0.000e+00)) ((2.816e+01 1.862e+02 -3.793e+00) (-2.911e-02 1.099e-01 2.269e-01) (0.000e+00 0.000e+00 0.000e+00))
229       	((3.814e+01 -8.043e+00 -8.893e+01) (7.346e-01 -1.883e-02 1.743e-01) (0.000e+00 0.000e+00 0.000e+00)) ((2.833e+01 1.861e+02 -4.162e+00) (-2.883e-02 1.102e-01 2.261e-01) (0.000e+00 0.000e+00 0.000e+00))
230       	((3.817e+01 -8.273e+00 -8.879e+01) (7.352e-01 -1.946e-02 1.758e-01) (0.000e+00 0.000e+00 0.000e+00)) ((2.846e+01 1.859e+02 -4.521e+00) (-2.910e-02 1.084e-01 2.253e-01) (0.000e+00 0.000e+00 0.000e+00))
231       	((3.821e+01 -8.469e+00 -8.859e+01) (7.355e-01 -1.999e-02 1.786e-01) (0.000e+00 0.000e+00 0.000e+00)) ((2.854e+01 1.856e+02 -4.844e+00) (-2.993e-02 1.046e-01 2.245e-01) (0.000e+00 0.000e+00 0.000e+00))
232       	((3.825e+01 -8.544e+00 -8.839e+01) (7.356e-01 -2.036e-02 1.823e-01) (0.000e+00 0.000e+00 0.000e+00)) ((2.854e+01 1.854e+02 -4.997e+00) (-3.124e-02 9.916e-02 2.237e-01) (0.000e+00 0.000e+00 0.000e+00))
233       	((3.829e+01 -8.468e+00 -8.824e+01) (7.355e-01 -2.045e-02 1.866e-01) (0.000e+00 0.000e+00 0.000e+00)) ((2.845e+01 1.851e+02 -4.929e+00) (-3.296e-02 9.265e-02 2.232e-01) (0.000e+00 0.000e+00 0.000e+00))
234       	((3.832e+01 -8.257e+00 -8.819e+01) (7.357e-01 -2.018e-02 1.911e-01) (0.000e+00 0.000e+00 0.000e+00)) ((2.829e+01 1.851e+02 -4.666e+00) (-3.494e-02 8.584e-02 2.234e-01) (0.000e+00 0.000e+00 0.000e+00))
235       	((3.836e+01 -7.933e+00 -8.827e+01) (7.363e-01 -1.947e-02 1.952e-01) (0.000e+00 0.000e+00 0.000e+00)) ((2.809e+01 1.852e+02 -4.231e+00) (-3.700e-02 7.964e-02 2.243e-01) (0.000e+00 0.000e+00 0.000e+00))
236       	((3.838e+01 -7.588e+00 -8.849e+01) (7.375e-01 -1.837e-02 1.985e-01) (0.000e+00 0.000e+00 0.000e+00)) ((2.790e+01 1.856e+02 -3.757e+00) (-3.891e-02 7.473e-02 2.261e-01) (0.000e+00 0.000e+00 0.000e+00))
237       	((3.842e+01 -7.255e+00 -8.883e+01) (7.394e-01 -1.707e-02 2.007e-01) (0.000e+00 0.000e+00 0.000e+00)) ((2.774e+01 1.862e+02 -3.283e+00) (-4.050e-02 7.155e-02 2.286e-01) (0.000e+00 0.000e+00 0.000e+00))
238       	((3.845e+01 -6.949e+00 -8.923e+01) (7.421e-01 -1.578e-02 2.017e-01) (0.000e+00 0.000e+00 0.000e+00)) ((2.761e+01 1.868e+02 -2.828e+00) (-4.161e-02 7.037e-02 2.315e-01) (0.000e+00 0.000e+00 0.000e+00))
239       	((3.848e+01 -6.681e+00 -8.968e+01) (7.457e-01 -1.465e-02 2.017e-01) (0.000e+00 0.000e+00 0.000e+00)) ((2.751e+01 1.876e+02 -2.414e+00) (-4.220e-02 7.114e-02 2.346e-01) (0.000e+00 0.000e+00 0.000e+00))
240       	((3.854e+01 -6.436e+00 -9.016e+01) (7.500e-01 -1.375e-02 2.006e-01) (0.000e+00 0.000e+00 0.000e+00)) ((2.744e+01 1.884e+02 -2.016e+00) (-4.225e-02 7.375e-02 2.376e-01) (0.000e+00 0.000e+00 0.000e+00))
