# Forces  
# CofR    : (0.000e+00 0.000e+00 0.000e+00)
# Time    forces(pressure viscous porous) moment(pressure viscous porous)
1         	((2.303e+02 -4.836e+01 9.058e+01) (7.981e-01 3.887e-02 -5.125e-02) (0.000e+00 0.000e+00 0.000e+00)) ((1.249e+01 -1.270e+02 4.351e+01) (1.132e-02 1.620e-01 4.030e-01) (0.000e+00 0.000e+00 0.000e+00))
2         	((1.193e+02 -2.453e+01 4.748e+01) (5.890e-01 4.165e-02 -3.865e-02) (0.000e+00 0.000e+00 0.000e+00)) ((-3.986e-01 -4.668e+01 3.211e+01) (1.198e-02 1.329e-01 3.280e-01) (0.000e+00 0.000e+00 0.000e+00))
3         	((5.165e+01 -1.569e+01 3.611e+01) (5.426e-01 3.139e-02 -2.788e-02) (0.000e+00 0.000e+00 0.000e+00)) ((-5.570e+00 -3.098e+01 1.387e+01) (1.059e-02 1.133e-01 2.860e-01) (0.000e+00 0.000e+00 0.000e+00))
4         	((2.409e+01 -1.422e+01 3.474e+01) (5.237e-01 2.363e-02 -2.128e-02) (0.000e+00 0.000e+00 0.000e+00)) ((-6.601e+00 -3.198e+01 1.387e+00) (9.053e-03 1.028e-01 2.613e-01) (0.000e+00 0.000e+00 0.000e+00))
5         	((1.389e+01 -1.428e+01 3.466e+01) (5.128e-01 2.335e-02 -1.561e-02) (0.000e+00 0.000e+00 0.000e+00)) ((-6.357e+00 -3.370e+01 -5.551e+00) (6.767e-03 9.487e-02 2.511e-01) (0.000e+00 0.000e+00 0.000e+00))
6         	((1.143e+01 -1.453e+01 3.508e+01) (5.000e-01 2.864e-02 -1.172e-02) (0.000e+00 0.000e+00 0.000e+00)) ((-5.805e+00 -3.515e+01 -8.427e+00) (4.956e-03 8.990e-02 2.470e-01) (0.000e+00 0.000e+00 0.000e+00))
7         	((1.157e+01 -1.509e+01 3.617e+01) (4.872e-01 3.521e-02 -8.613e-03) (0.000e+00 0.000e+00 0.000e+00)) ((-5.362e+00 -3.674e+01 -9.535e+00) (3.653e-03 8.634e-02 2.444e-01) (0.000e+00 0.000e+00 0.000e+00))
8         	((1.243e+01 -1.598e+01 3.777e+01) (4.784e-01 4.100e-02 -6.413e-03) (0.000e+00 0.000e+00 0.000e+00)) ((-5.197e+00 -3.844e+01 -9.962e+00) (2.722e-03 8.455e-02 2.446e-01) (0.000e+00 0.000e+00 0.000e+00))
9         	((1.313e+01 -1.710e+01 3.928e+01) (4.740e-01 4.555e-02 -5.775e-03) (0.000e+00 0.000e+00 0.000e+00)) ((-5.207e+00 -3.984e+01 -1.037e+01) (2.291e-03 8.486e-02 2.468e-01) (0.000e+00 0.000e+00 0.000e+00))
10        	((1.349e+01 -1.821e+01 4.023e+01) (4.721e-01 4.922e-02 -5.782e-03) (0.000e+00 0.000e+00 0.000e+00)) ((-5.226e+00 -4.066e+01 -1.080e+01) (2.125e-03 8.574e-02 2.499e-01) (0.000e+00 0.000e+00 0.000e+00))
11        	((1.349e+01 -1.923e+01 4.078e+01) (4.728e-01 5.180e-02 -4.700e-03) (0.000e+00 0.000e+00 0.000e+00)) ((-5.286e+00 -4.109e+01 -1.122e+01) (1.862e-03 8.411e-02 2.529e-01) (0.000e+00 0.000e+00 0.000e+00))
12        	((1.327e+01 -2.002e+01 4.101e+01) (4.741e-01 5.268e-02 -2.565e-03) (0.000e+00 0.000e+00 0.000e+00)) ((-5.397e+00 -4.115e+01 -1.151e+01) (1.288e-03 8.121e-02 2.552e-01) (0.000e+00 0.000e+00 0.000e+00))
13        	((1.297e+01 -2.057e+01 4.100e+01) (4.784e-01 5.351e-02 -6.900e-04) (0.000e+00 0.000e+00 0.000e+00)) ((-5.547e+00 -4.097e+01 -1.172e+01) (9.119e-04 7.849e-02 2.600e-01) (0.000e+00 0.000e+00 0.000e+00))
14        	((1.267e+01 -2.095e+01 4.088e+01) (4.831e-01 5.402e-02 4.605e-04) (0.000e+00 0.000e+00 0.000e+00)) ((-5.711e+00 -4.067e+01 -1.189e+01) (1.118e-03 7.678e-02 2.646e-01) (0.000e+00 0.000e+00 0.000e+00))
15        	((1.243e+01 -2.124e+01 4.077e+01) (4.887e-01 5.493e-02 2.035e-03) (0.000e+00 0.000e+00 0.000e+00)) ((-5.891e+00 -4.041e+01 -1.197e+01) (1.273e-03 7.507e-02 2.704e-01) (0.000e+00 0.000e+00 0.000e+00))
16        	((1.231e+01 -2.153e+01 4.076e+01) (4.938e-01 5.619e-02 3.558e-03) (0.000e+00 0.000e+00 0.000e+00)) ((-6.071e+00 -4.030e+01 -1.195e+01) (1.366e-03 7.398e-02 2.772e-01) (0.000e+00 0.000e+00 0.000e+00))
17        	((1.234e+01 -2.185e+01 4.088e+01) (4.988e-01 5.742e-02 4.256e-03) (0.000e+00 0.000e+00 0.000e+00)) ((-6.234e+00 -4.043e+01 -1.180e+01) (1.950e-03 7.453e-02 2.847e-01) (0.000e+00 0.000e+00 0.000e+00))
18        	((1.241e+01 -2.214e+01 4.109e+01) (5.038e-01 5.852e-02 4.071e-03) (0.000e+00 0.000e+00 0.000e+00)) ((-6.370e+00 -4.079e+01 -1.155e+01) (2.797e-03 7.639e-02 2.913e-01) (0.000e+00 0.000e+00 0.000e+00))
19        	((1.250e+01 -2.238e+01 4.143e+01) (5.103e-01 5.907e-02 2.785e-03) (0.000e+00 0.000e+00 0.000e+00)) ((-6.494e+00 -4.135e+01 -1.134e+01) (3.981e-03 7.958e-02 2.970e-01) (0.000e+00 0.000e+00 0.000e+00))
20        	((1.261e+01 -2.262e+01 4.190e+01) (5.187e-01 5.845e-02 3.973e-04) (0.000e+00 0.000e+00 0.000e+00)) ((-6.601e+00 -4.208e+01 -1.129e+01) (5.565e-03 8.439e-02 3.014e-01) (0.000e+00 0.000e+00 0.000e+00))
21        	((1.276e+01 -2.290e+01 4.249e+01) (5.266e-01 5.801e-02 -7.209e-04) (0.000e+00 0.000e+00 0.000e+00)) ((-6.685e+00 -4.292e+01 -1.148e+01) (6.523e-03 8.833e-02 3.052e-01) (0.000e+00 0.000e+00 0.000e+00))
22        	((1.296e+01 -2.324e+01 4.313e+01) (5.349e-01 5.869e-02 6.595e-04) (0.000e+00 0.000e+00 0.000e+00)) ((-6.756e+00 -4.380e+01 -1.182e+01) (6.128e-03 9.115e-02 3.099e-01) (0.000e+00 0.000e+00 0.000e+00))
23        	((1.320e+01 -2.362e+01 4.388e+01) (5.459e-01 6.128e-02 6.490e-03) (0.000e+00 0.000e+00 0.000e+00)) ((-6.858e+00 -4.476e+01 -1.225e+01) (3.384e-03 9.130e-02 3.166e-01) (0.000e+00 0.000e+00 0.000e+00))
24        	((1.339e+01 -2.399e+01 4.453e+01) (5.555e-01 6.298e-02 1.177e-02) (0.000e+00 0.000e+00 0.000e+00)) ((-6.988e+00 -4.555e+01 -1.271e+01) (6.558e-04 9.134e-02 3.209e-01) (0.000e+00 0.000e+00 0.000e+00))
25        	((1.342e+01 -2.421e+01 4.501e+01) (5.639e-01 6.476e-02 1.663e-02) (0.000e+00 0.000e+00 0.000e+00)) ((-7.183e+00 -4.608e+01 -1.306e+01) (-1.786e-03 9.106e-02 3.238e-01) (0.000e+00 0.000e+00 0.000e+00))
26        	((1.334e+01 -2.422e+01 4.533e+01) (5.708e-01 6.322e-02 1.777e-02) (0.000e+00 0.000e+00 0.000e+00)) ((-7.411e+00 -4.641e+01 -1.326e+01) (-2.049e-03 9.356e-02 3.231e-01) (0.000e+00 0.000e+00 0.000e+00))
27        	((1.325e+01 -2.408e+01 4.546e+01) (5.730e-01 6.102e-02 1.491e-02) (0.000e+00 0.000e+00 0.000e+00)) ((-7.608e+00 -4.656e+01 -1.334e+01) (-3.668e-04 9.866e-02 3.199e-01) (0.000e+00 0.000e+00 0.000e+00))
28        	((1.321e+01 -2.392e+01 4.541e+01) (5.761e-01 6.162e-02 7.264e-03) (0.000e+00 0.000e+00 0.000e+00)) ((-7.715e+00 -4.655e+01 -1.345e+01) (3.412e-03 1.070e-01 3.199e-01) (0.000e+00 0.000e+00 0.000e+00))
29        	((1.322e+01 -2.388e+01 4.526e+01) (5.805e-01 6.318e-02 -4.168e-03) (0.000e+00 0.000e+00 0.000e+00)) ((-7.696e+00 -4.649e+01 -1.360e+01) (8.494e-03 1.170e-01 3.225e-01) (0.000e+00 0.000e+00 0.000e+00))
30        	((1.329e+01 -2.393e+01 4.507e+01) (5.909e-01 7.183e-02 -7.684e-03) (0.000e+00 0.000e+00 0.000e+00)) ((-7.595e+00 -4.659e+01 -1.399e+01) (8.778e-03 1.220e-01 3.329e-01) (0.000e+00 0.000e+00 0.000e+00))
31        	((1.342e+01 -2.410e+01 4.493e+01) (6.063e-01 8.256e-02 -6.008e-03) (0.000e+00 0.000e+00 0.000e+00)) ((-7.418e+00 -4.678e+01 -1.434e+01) (6.649e-03 1.238e-01 3.465e-01) (0.000e+00 0.000e+00 0.000e+00))
32        	((1.366e+01 -2.425e+01 4.488e+01) (6.240e-01 8.975e-02 -4.407e-03) (0.000e+00 0.000e+00 0.000e+00)) ((-7.214e+00 -4.713e+01 -1.461e+01) (5.161e-03 1.256e-01 3.591e-01) (0.000e+00 0.000e+00 0.000e+00))
33        	((1.398e+01 -2.439e+01 4.495e+01) (6.462e-01 9.630e-02 -1.100e-03) (0.000e+00 0.000e+00 0.000e+00)) ((-7.011e+00 -4.761e+01 -1.485e+01) (3.187e-03 1.252e-01 3.750e-01) (0.000e+00 0.000e+00 0.000e+00))
34        	((1.432e+01 -2.465e+01 4.509e+01) (6.569e-01 9.792e-02 -9.693e-04) (0.000e+00 0.000e+00 0.000e+00)) ((-6.800e+00 -4.813e+01 -1.523e+01) (2.930e-03 1.260e-01 3.832e-01) (0.000e+00 0.000e+00 0.000e+00))
35        	((1.466e+01 -2.527e+01 4.529e+01) (6.622e-01 1.013e-01 -1.203e-03) (0.000e+00 0.000e+00 0.000e+00)) ((-6.519e+00 -4.867e+01 -1.603e+01) (2.577e-03 1.268e-01 3.903e-01) (0.000e+00 0.000e+00 0.000e+00))
36        	((1.499e+01 -2.618e+01 4.548e+01) (6.788e-01 1.084e-01 8.463e-04) (0.000e+00 0.000e+00 0.000e+00)) ((-6.180e+00 -4.915e+01 -1.713e+01) (1.023e-03 1.270e-01 4.045e-01) (0.000e+00 0.000e+00 0.000e+00))
37        	((1.521e+01 -2.679e+01 4.557e+01) (7.084e-01 1.166e-01 5.146e-03) (0.000e+00 0.000e+00 0.000e+00)) ((-5.945e+00 -4.946e+01 -1.779e+01) (-1.535e-03 1.266e-01 4.248e-01) (0.000e+00 0.000e+00 0.000e+00))
38        	((1.534e+01 -2.689e+01 4.561e+01) (7.419e-01 1.227e-01 1.061e-02) (0.000e+00 0.000e+00 0.000e+00)) ((-5.869e+00 -4.964e+01 -1.784e+01) (-4.436e-03 1.261e-01 4.453e-01) (0.000e+00 0.000e+00 0.000e+00))
39        	((1.539e+01 -2.663e+01 4.557e+01) (7.692e-01 1.265e-01 1.890e-02) (0.000e+00 0.000e+00 0.000e+00)) ((-5.926e+00 -4.968e+01 -1.750e+01) (-8.246e-03 1.230e-01 4.614e-01) (0.000e+00 0.000e+00 0.000e+00))
40        	((1.533e+01 -2.610e+01 4.536e+01) (7.877e-01 1.286e-01 2.931e-02) (0.000e+00 0.000e+00 0.000e+00)) ((-6.079e+00 -4.944e+01 -1.693e+01) (-1.284e-02 1.177e-01 4.718e-01) (0.000e+00 0.000e+00 0.000e+00))
41        	((1.514e+01 -2.555e+01 4.498e+01) (8.019e-01 1.293e-01 4.019e-02) (0.000e+00 0.000e+00 0.000e+00)) ((-6.226e+00 -4.896e+01 -1.637e+01) (-1.770e-02 1.116e-01 4.793e-01) (0.000e+00 0.000e+00 0.000e+00))
42        	((1.493e+01 -2.526e+01 4.455e+01) (8.155e-01 1.292e-01 5.133e-02) (0.000e+00 0.000e+00 0.000e+00)) ((-6.262e+00 -4.840e+01 -1.616e+01) (-2.275e-02 1.055e-01 4.858e-01) (0.000e+00 0.000e+00 0.000e+00))
43        	((1.473e+01 -2.528e+01 4.415e+01) (8.295e-01 1.296e-01 6.394e-02) (0.000e+00 0.000e+00 0.000e+00)) ((-6.170e+00 -4.781e+01 -1.637e+01) (-2.864e-02 9.829e-02 4.938e-01) (0.000e+00 0.000e+00 0.000e+00))
44        	((1.455e+01 -2.561e+01 4.377e+01) (8.447e-01 1.300e-01 7.619e-02) (0.000e+00 0.000e+00 0.000e+00)) ((-5.947e+00 -4.720e+01 -1.699e+01) (-3.439e-02 9.112e-02 5.029e-01) (0.000e+00 0.000e+00 0.000e+00))
45        	((1.440e+01 -2.613e+01 4.340e+01) (8.616e-01 1.298e-01 8.857e-02) (0.000e+00 0.000e+00 0.000e+00)) ((-5.603e+00 -4.656e+01 -1.788e+01) (-3.999e-02 8.360e-02 5.119e-01) (0.000e+00 0.000e+00 0.000e+00))
46        	((1.433e+01 -2.652e+01 4.317e+01) (8.796e-01 1.295e-01 1.017e-01) (0.000e+00 0.000e+00 0.000e+00)) ((-5.307e+00 -4.613e+01 -1.855e+01) (-4.594e-02 7.598e-02 5.203e-01) (0.000e+00 0.000e+00 0.000e+00))
47        	((1.426e+01 -2.678e+01 4.284e+01) (8.959e-01 1.288e-01 1.156e-01) (0.000e+00 0.000e+00 0.000e+00)) ((-4.939e+00 -4.561e+01 -1.914e+01) (-5.222e-02 6.814e-02 5.263e-01) (0.000e+00 0.000e+00 0.000e+00))
48        	((1.424e+01 -2.678e+01 4.251e+01) (9.092e-01 1.281e-01 1.299e-01) (0.000e+00 0.000e+00 0.000e+00)) ((-4.642e+00 -4.516e+01 -1.937e+01) (-5.870e-02 6.021e-02 5.296e-01) (0.000e+00 0.000e+00 0.000e+00))
49        	((1.426e+01 -2.655e+01 4.230e+01) (9.192e-01 1.275e-01 1.431e-01) (0.000e+00 0.000e+00 0.000e+00)) ((-4.459e+00 -4.488e+01 -1.922e+01) (-6.474e-02 5.280e-02 5.307e-01) (0.000e+00 0.000e+00 0.000e+00))
50        	((1.430e+01 -2.619e+01 4.219e+01) (9.256e-01 1.270e-01 1.536e-01) (0.000e+00 0.000e+00 0.000e+00)) ((-4.379e+00 -4.476e+01 -1.881e+01) (-6.963e-02 4.673e-02 5.302e-01) (0.000e+00 0.000e+00 0.000e+00))
51        	((1.436e+01 -2.579e+01 4.213e+01) (9.299e-01 1.259e-01 1.605e-01) (0.000e+00 0.000e+00 0.000e+00)) ((-4.381e+00 -4.473e+01 -1.828e+01) (-7.289e-02 4.277e-02 5.288e-01) (0.000e+00 0.000e+00 0.000e+00))
52        	((1.446e+01 -2.542e+01 4.208e+01) (9.357e-01 1.246e-01 1.649e-01) (0.000e+00 0.000e+00 0.000e+00)) ((-4.440e+00 -4.474e+01 -1.774e+01) (-7.494e-02 4.065e-02 5.287e-01) (0.000e+00 0.000e+00 0.000e+00))
53        	((1.460e+01 -2.505e+01 4.200e+01) (9.464e-01 1.238e-01 1.677e-01) (0.000e+00 0.000e+00 0.000e+00)) ((-4.543e+00 -4.474e+01 -1.721e+01) (-7.616e-02 4.032e-02 5.319e-01) (0.000e+00 0.000e+00 0.000e+00))
54        	((1.475e+01 -2.471e+01 4.189e+01) (9.622e-01 1.239e-01 1.690e-01) (0.000e+00 0.000e+00 0.000e+00)) ((-4.676e+00 -4.474e+01 -1.668e+01) (-7.660e-02 4.192e-02 5.385e-01) (0.000e+00 0.000e+00 0.000e+00))
55        	((1.489e+01 -2.444e+01 4.176e+01) (9.817e-01 1.250e-01 1.688e-01) (0.000e+00 0.000e+00 0.000e+00)) ((-4.811e+00 -4.475e+01 -1.625e+01) (-7.633e-02 4.481e-02 5.477e-01) (0.000e+00 0.000e+00 0.000e+00))
56        	((1.502e+01 -2.426e+01 4.162e+01) (1.003e+00 1.269e-01 1.681e-01) (0.000e+00 0.000e+00 0.000e+00)) ((-4.934e+00 -4.480e+01 -1.588e+01) (-7.564e-02 4.714e-02 5.589e-01) (0.000e+00 0.000e+00 0.000e+00))
57        	((1.506e+01 -2.451e+01 4.150e+01) (1.017e+00 1.270e-01 1.645e-01) (0.000e+00 0.000e+00 0.000e+00)) ((-4.909e+00 -4.478e+01 -1.613e+01) (-7.380e-02 5.197e-02 5.657e-01) (0.000e+00 0.000e+00 0.000e+00))
58        	((1.506e+01 -2.496e+01 4.132e+01) (1.024e+00 1.253e-01 1.586e-01) (0.000e+00 0.000e+00 0.000e+00)) ((-4.801e+00 -4.460e+01 -1.664e+01) (-7.096e-02 5.868e-02 5.685e-01) (0.000e+00 0.000e+00 0.000e+00))
59        	((1.503e+01 -2.538e+01 4.106e+01) (1.031e+00 1.231e-01 1.540e-01) (0.000e+00 0.000e+00 0.000e+00)) ((-4.658e+00 -4.422e+01 -1.712e+01) (-6.852e-02 6.394e-02 5.716e-01) (0.000e+00 0.000e+00 0.000e+00))
60        	((1.497e+01 -2.565e+01 4.074e+01) (1.040e+00 1.210e-01 1.511e-01) (0.000e+00 0.000e+00 0.000e+00)) ((-4.524e+00 -4.369e+01 -1.741e+01) (-6.677e-02 6.706e-02 5.752e-01) (0.000e+00 0.000e+00 0.000e+00))
61        	((1.491e+01 -2.577e+01 4.041e+01) (1.049e+00 1.192e-01 1.506e-01) (0.000e+00 0.000e+00 0.000e+00)) ((-4.400e+00 -4.313e+01 -1.752e+01) (-6.605e-02 6.818e-02 5.794e-01) (0.000e+00 0.000e+00 0.000e+00))
62        	((1.488e+01 -2.585e+01 4.014e+01) (1.059e+00 1.179e-01 1.523e-01) (0.000e+00 0.000e+00 0.000e+00)) ((-4.268e+00 -4.265e+01 -1.757e+01) (-6.631e-02 6.754e-02 5.834e-01) (0.000e+00 0.000e+00 0.000e+00))
63        	((1.489e+01 -2.599e+01 3.995e+01) (1.068e+00 1.168e-01 1.563e-01) (0.000e+00 0.000e+00 0.000e+00)) ((-4.108e+00 -4.231e+01 -1.771e+01) (-6.747e-02 6.501e-02 5.871e-01) (0.000e+00 0.000e+00 0.000e+00))
64        	((1.495e+01 -2.620e+01 3.988e+01) (1.075e+00 1.159e-01 1.618e-01) (0.000e+00 0.000e+00 0.000e+00)) ((-3.932e+00 -4.211e+01 -1.795e+01) (-6.916e-02 6.099e-02 5.900e-01) (0.000e+00 0.000e+00 0.000e+00))
65        	((1.501e+01 -2.634e+01 3.987e+01) (1.082e+00 1.150e-01 1.677e-01) (0.000e+00 0.000e+00 0.000e+00)) ((-3.798e+00 -4.202e+01 -1.813e+01) (-7.096e-02 5.652e-02 5.919e-01) (0.000e+00 0.000e+00 0.000e+00))
66        	((1.500e+01 -2.632e+01 3.991e+01) (1.087e+00 1.144e-01 1.729e-01) (0.000e+00 0.000e+00 0.000e+00)) ((-3.733e+00 -4.198e+01 -1.813e+01) (-7.246e-02 5.292e-02 5.931e-01) (0.000e+00 0.000e+00 0.000e+00))
67        	((1.489e+01 -2.618e+01 3.995e+01) (1.093e+00 1.145e-01 1.769e-01) (0.000e+00 0.000e+00 0.000e+00)) ((-3.715e+00 -4.197e+01 -1.801e+01) (-7.356e-02 5.074e-02 5.949e-01) (0.000e+00 0.000e+00 0.000e+00))
68        	((1.474e+01 -2.606e+01 4.001e+01) (1.099e+00 1.153e-01 1.804e-01) (0.000e+00 0.000e+00 0.000e+00)) ((-3.699e+00 -4.198e+01 -1.793e+01) (-7.452e-02 4.925e-02 5.979e-01) (0.000e+00 0.000e+00 0.000e+00))
69        	((1.459e+01 -2.603e+01 4.010e+01) (1.105e+00 1.167e-01 1.838e-01) (0.000e+00 0.000e+00 0.000e+00)) ((-3.664e+00 -4.202e+01 -1.794e+01) (-7.557e-02 4.761e-02 6.020e-01) (0.000e+00 0.000e+00 0.000e+00))
70        	((1.450e+01 -2.598e+01 4.024e+01) (1.112e+00 1.184e-01 1.871e-01) (0.000e+00 0.000e+00 0.000e+00)) ((-3.643e+00 -4.212e+01 -1.795e+01) (-7.662e-02 4.577e-02 6.066e-01) (0.000e+00 0.000e+00 0.000e+00))
71        	((1.443e+01 -2.581e+01 4.040e+01) (1.117e+00 1.203e-01 1.895e-01) (0.000e+00 0.000e+00 0.000e+00)) ((-3.680e+00 -4.226e+01 -1.780e+01) (-7.744e-02 4.432e-02 6.105e-01) (0.000e+00 0.000e+00 0.000e+00))
72        	((1.438e+01 -2.549e+01 4.057e+01) (1.121e+00 1.223e-01 1.913e-01) (0.000e+00 0.000e+00 0.000e+00)) ((-3.778e+00 -4.241e+01 -1.746e+01) (-7.822e-02 4.370e-02 6.136e-01) (0.000e+00 0.000e+00 0.000e+00))
73        	((1.433e+01 -2.517e+01 4.068e+01) (1.125e+00 1.243e-01 1.925e-01) (0.000e+00 0.000e+00 0.000e+00)) ((-3.883e+00 -4.253e+01 -1.708e+01) (-7.905e-02 4.375e-02 6.163e-01) (0.000e+00 0.000e+00 0.000e+00))
74        	((1.432e+01 -2.500e+01 4.073e+01) (1.129e+00 1.263e-01 1.931e-01) (0.000e+00 0.000e+00 0.000e+00)) ((-3.935e+00 -4.260e+01 -1.684e+01) (-7.977e-02 4.459e-02 6.193e-01) (0.000e+00 0.000e+00 0.000e+00))
75        	((1.439e+01 -2.503e+01 4.073e+01) (1.134e+00 1.286e-01 1.927e-01) (0.000e+00 0.000e+00 0.000e+00)) ((-3.921e+00 -4.260e+01 -1.682e+01) (-8.008e-02 4.638e-02 6.227e-01) (0.000e+00 0.000e+00 0.000e+00))
76        	((1.454e+01 -2.513e+01 4.067e+01) (1.138e+00 1.308e-01 1.913e-01) (0.000e+00 0.000e+00 0.000e+00)) ((-3.874e+00 -4.252e+01 -1.687e+01) (-7.987e-02 4.899e-02 6.261e-01) (0.000e+00 0.000e+00 0.000e+00))
77        	((1.475e+01 -2.508e+01 4.056e+01) (1.142e+00 1.330e-01 1.894e-01) (0.000e+00 0.000e+00 0.000e+00)) ((-3.865e+00 -4.236e+01 -1.675e+01) (-7.944e-02 5.178e-02 6.295e-01) (0.000e+00 0.000e+00 0.000e+00))
78        	((1.495e+01 -2.480e+01 4.039e+01) (1.147e+00 1.349e-01 1.874e-01) (0.000e+00 0.000e+00 0.000e+00)) ((-3.931e+00 -4.212e+01 -1.633e+01) (-7.902e-02 5.463e-02 6.327e-01) (0.000e+00 0.000e+00 0.000e+00))
79        	((1.510e+01 -2.442e+01 4.016e+01) (1.151e+00 1.367e-01 1.857e-01) (0.000e+00 0.000e+00 0.000e+00)) ((-4.014e+00 -4.184e+01 -1.578e+01) (-7.878e-02 5.733e-02 6.359e-01) (0.000e+00 0.000e+00 0.000e+00))
80        	((1.519e+01 -2.428e+01 3.988e+01) (1.156e+00 1.380e-01 1.846e-01) (0.000e+00 0.000e+00 0.000e+00)) ((-4.007e+00 -4.156e+01 -1.549e+01) (-7.891e-02 5.944e-02 6.389e-01) (0.000e+00 0.000e+00 0.000e+00))
81        	((1.526e+01 -2.443e+01 3.959e+01) (1.160e+00 1.392e-01 1.842e-01) (0.000e+00 0.000e+00 0.000e+00)) ((-3.900e+00 -4.128e+01 -1.556e+01) (-7.925e-02 6.094e-02 6.416e-01) (0.000e+00 0.000e+00 0.000e+00))
82        	((1.533e+01 -2.480e+01 3.935e+01) (1.163e+00 1.402e-01 1.840e-01) (0.000e+00 0.000e+00 0.000e+00)) ((-3.724e+00 -4.104e+01 -1.590e+01) (-7.954e-02 6.197e-02 6.436e-01) (0.000e+00 0.000e+00 0.000e+00))
83        	((1.542e+01 -2.504e+01 3.922e+01) (1.164e+00 1.408e-01 1.836e-01) (0.000e+00 0.000e+00 0.000e+00)) ((-3.616e+00 -4.092e+01 -1.609e+01) (-7.954e-02 6.260e-02 6.450e-01) (0.000e+00 0.000e+00 0.000e+00))
84        	((1.550e+01 -2.499e+01 3.915e+01) (1.164e+00 1.409e-01 1.831e-01) (0.000e+00 0.000e+00 0.000e+00)) ((-3.615e+00 -4.087e+01 -1.594e+01) (-7.935e-02 6.276e-02 6.458e-01) (0.000e+00 0.000e+00 0.000e+00))
85        	((1.549e+01 -2.464e+01 3.912e+01) (1.164e+00 1.405e-01 1.830e-01) (0.000e+00 0.000e+00 0.000e+00)) ((-3.718e+00 -4.086e+01 -1.545e+01) (-7.928e-02 6.244e-02 6.460e-01) (0.000e+00 0.000e+00 0.000e+00))
86        	((1.538e+01 -2.438e+01 3.906e+01) (1.163e+00 1.396e-01 1.834e-01) (0.000e+00 0.000e+00 0.000e+00)) ((-3.767e+00 -4.082e+01 -1.512e+01) (-7.936e-02 6.197e-02 6.457e-01) (0.000e+00 0.000e+00 0.000e+00))
87        	((1.521e+01 -2.444e+01 3.899e+01) (1.163e+00 1.381e-01 1.846e-01) (0.000e+00 0.000e+00 0.000e+00)) ((-3.691e+00 -4.080e+01 -1.526e+01) (-7.973e-02 6.094e-02 6.446e-01) (0.000e+00 0.000e+00 0.000e+00))
88        	((1.506e+01 -2.494e+01 3.893e+01) (1.162e+00 1.363e-01 1.864e-01) (0.000e+00 0.000e+00 0.000e+00)) ((-3.461e+00 -4.079e+01 -1.599e+01) (-8.025e-02 5.913e-02 6.428e-01) (0.000e+00 0.000e+00 0.000e+00))
89        	((1.499e+01 -2.540e+01 3.896e+01) (1.162e+00 1.344e-01 1.881e-01) (0.000e+00 0.000e+00 0.000e+00)) ((-3.271e+00 -4.084e+01 -1.670e+01) (-8.057e-02 5.689e-02 6.409e-01) (0.000e+00 0.000e+00 0.000e+00))
90        	((1.497e+01 -2.545e+01 3.907e+01) (1.162e+00 1.332e-01 1.891e-01) (0.000e+00 0.000e+00 0.000e+00)) ((-3.253e+00 -4.094e+01 -1.692e+01) (-8.046e-02 5.491e-02 6.395e-01) (0.000e+00 0.000e+00 0.000e+00))
91        	((1.492e+01 -2.512e+01 3.918e+01) (1.164e+00 1.323e-01 1.895e-01) (0.000e+00 0.000e+00 0.000e+00)) ((-3.392e+00 -4.098e+01 -1.670e+01) (-8.014e-02 5.313e-02 6.391e-01) (0.000e+00 0.000e+00 0.000e+00))
92        	((1.477e+01 -2.464e+01 3.924e+01) (1.168e+00 1.327e-01 1.903e-01) (0.000e+00 0.000e+00 0.000e+00)) ((-3.597e+00 -4.094e+01 -1.626e+01) (-8.024e-02 5.091e-02 6.403e-01) (0.000e+00 0.000e+00 0.000e+00))
93        	((1.463e+01 -2.464e+01 3.923e+01) (1.174e+00 1.337e-01 1.931e-01) (0.000e+00 0.000e+00 0.000e+00)) ((-3.640e+00 -4.086e+01 -1.638e+01) (-8.133e-02 4.725e-02 6.424e-01) (0.000e+00 0.000e+00 0.000e+00))
94        	((1.453e+01 -2.527e+01 3.916e+01) (1.179e+00 1.344e-01 1.968e-01) (0.000e+00 0.000e+00 0.000e+00)) ((-3.487e+00 -4.068e+01 -1.725e+01) (-8.283e-02 4.252e-02 6.445e-01) (0.000e+00 0.000e+00 0.000e+00))
95        	((1.461e+01 -2.620e+01 3.912e+01) (1.185e+00 1.343e-01 1.998e-01) (0.000e+00 0.000e+00 0.000e+00)) ((-3.240e+00 -4.055e+01 -1.841e+01) (-8.393e-02 3.794e-02 6.461e-01) (0.000e+00 0.000e+00 0.000e+00))
96        	((1.480e+01 -2.665e+01 3.916e+01) (1.191e+00 1.336e-01 2.012e-01) (0.000e+00 0.000e+00 0.000e+00)) ((-3.180e+00 -4.055e+01 -1.890e+01) (-8.442e-02 3.438e-02 6.482e-01) (0.000e+00 0.000e+00 0.000e+00))
97        	((1.501e+01 -2.657e+01 3.916e+01) (1.198e+00 1.327e-01 2.015e-01) (0.000e+00 0.000e+00 0.000e+00)) ((-3.287e+00 -4.054e+01 -1.869e+01) (-8.459e-02 3.236e-02 6.509e-01) (0.000e+00 0.000e+00 0.000e+00))
98        	((1.514e+01 -2.613e+01 3.907e+01) (1.205e+00 1.325e-01 2.020e-01) (0.000e+00 0.000e+00 0.000e+00)) ((-3.505e+00 -4.052e+01 -1.793e+01) (-8.519e-02 3.130e-02 6.548e-01) (0.000e+00 0.000e+00 0.000e+00))
99        	((1.521e+01 -2.624e+01 3.887e+01) (1.212e+00 1.326e-01 2.052e-01) (0.000e+00 0.000e+00 0.000e+00)) ((-3.490e+00 -4.044e+01 -1.784e+01) (-8.718e-02 2.929e-02 6.588e-01) (0.000e+00 0.000e+00 0.000e+00))
100       	((1.528e+01 -2.697e+01 3.860e+01) (1.219e+00 1.321e-01 2.109e-01) (0.000e+00 0.000e+00 0.000e+00)) ((-3.215e+00 -4.033e+01 -1.852e+01) (-9.021e-02 2.612e-02 6.620e-01) (0.000e+00 0.000e+00 0.000e+00))
101       	((1.543e+01 -2.803e+01 3.836e+01) (1.224e+00 1.313e-01 2.167e-01) (0.000e+00 0.000e+00 0.000e+00)) ((-2.802e+00 -4.020e+01 -1.964e+01) (-9.315e-02 2.284e-02 6.640e-01) (0.000e+00 0.000e+00 0.000e+00))
102       	((1.559e+01 -2.845e+01 3.824e+01) (1.227e+00 1.304e-01 2.202e-01) (0.000e+00 0.000e+00 0.000e+00)) ((-2.638e+00 -4.016e+01 -2.003e+01) (-9.490e-02 2.107e-02 6.652e-01) (0.000e+00 0.000e+00 0.000e+00))
103       	((1.568e+01 -2.814e+01 3.813e+01) (1.228e+00 1.297e-01 2.206e-01) (0.000e+00 0.000e+00 0.000e+00)) ((-2.710e+00 -4.006e+01 -1.957e+01) (-9.529e-02 2.152e-02 6.657e-01) (0.000e+00 0.000e+00 0.000e+00))
104       	((1.558e+01 -2.736e+01 3.803e+01) (1.229e+00 1.295e-01 2.194e-01) (0.000e+00 0.000e+00 0.000e+00)) ((-2.944e+00 -3.993e+01 -1.858e+01) (-9.502e-02 2.344e-02 6.665e-01) (0.000e+00 0.000e+00 0.000e+00))
105       	((1.539e+01 -2.708e+01 3.790e+01) (1.228e+00 1.295e-01 2.188e-01) (0.000e+00 0.000e+00 0.000e+00)) ((-2.972e+00 -3.972e+01 -1.827e+01) (-9.491e-02 2.522e-02 6.670e-01) (0.000e+00 0.000e+00 0.000e+00))
106       	((1.517e+01 -2.728e+01 3.774e+01) (1.227e+00 1.296e-01 2.193e-01) (0.000e+00 0.000e+00 0.000e+00)) ((-2.812e+00 -3.949e+01 -1.860e+01) (-9.521e-02 2.626e-02 6.672e-01) (0.000e+00 0.000e+00 0.000e+00))
107       	((1.502e+01 -2.770e+01 3.763e+01) (1.225e+00 1.296e-01 2.200e-01) (0.000e+00 0.000e+00 0.000e+00)) ((-2.585e+00 -3.931e+01 -1.922e+01) (-9.553e-02 2.712e-02 6.668e-01) (0.000e+00 0.000e+00 0.000e+00))
108       	((1.493e+01 -2.767e+01 3.765e+01) (1.222e+00 1.301e-01 2.194e-01) (0.000e+00 0.000e+00 0.000e+00)) ((-2.563e+00 -3.926e+01 -1.929e+01) (-9.535e-02 2.891e-02 6.663e-01) (0.000e+00 0.000e+00 0.000e+00))
109       	((1.483e+01 -2.705e+01 3.767e+01) (1.220e+00 1.312e-01 2.171e-01) (0.000e+00 0.000e+00 0.000e+00)) ((-2.739e+00 -3.921e+01 -1.868e+01) (-9.452e-02 3.238e-02 6.660e-01) (0.000e+00 0.000e+00 0.000e+00))
110       	((1.461e+01 -2.605e+01 3.768e+01) (1.218e+00 1.326e-01 2.138e-01) (0.000e+00 0.000e+00 0.000e+00)) ((-3.033e+00 -3.919e+01 -1.763e+01) (-9.334e-02 3.712e-02 6.665e-01) (0.000e+00 0.000e+00 0.000e+00))
111       	((1.437e+01 -2.550e+01 3.760e+01) (1.218e+00 1.340e-01 2.110e-01) (0.000e+00 0.000e+00 0.000e+00)) ((-3.125e+00 -3.913e+01 -1.717e+01) (-9.221e-02 4.178e-02 6.676e-01) (0.000e+00 0.000e+00 0.000e+00))
112       	((1.412e+01 -2.547e+01 3.750e+01) (1.219e+00 1.347e-01 2.091e-01) (0.000e+00 0.000e+00 0.000e+00)) ((-3.033e+00 -3.909e+01 -1.740e+01) (-9.128e-02 4.527e-02 6.690e-01) (0.000e+00 0.000e+00 0.000e+00))
113       	((1.396e+01 -2.596e+01 3.743e+01) (1.222e+00 1.351e-01 2.079e-01) (0.000e+00 0.000e+00 0.000e+00)) ((-2.790e+00 -3.907e+01 -1.830e+01) (-9.049e-02 4.732e-02 6.710e-01) (0.000e+00 0.000e+00 0.000e+00))
114       	((1.389e+01 -2.626e+01 3.748e+01) (1.227e+00 1.357e-01 2.071e-01) (0.000e+00 0.000e+00 0.000e+00)) ((-2.677e+00 -3.917e+01 -1.895e+01) (-8.984e-02 4.820e-02 6.744e-01) (0.000e+00 0.000e+00 0.000e+00))
115       	((1.387e+01 -2.616e+01 3.759e+01) (1.233e+00 1.372e-01 2.064e-01) (0.000e+00 0.000e+00 0.000e+00)) ((-2.754e+00 -3.931e+01 -1.908e+01) (-8.943e-02 4.857e-02 6.793e-01) (0.000e+00 0.000e+00 0.000e+00))
116       	((1.381e+01 -2.565e+01 3.771e+01) (1.241e+00 1.399e-01 2.060e-01) (0.000e+00 0.000e+00 0.000e+00)) ((-3.029e+00 -3.948e+01 -1.864e+01) (-8.935e-02 4.879e-02 6.857e-01) (0.000e+00 0.000e+00 0.000e+00))
117       	((1.375e+01 -2.532e+01 3.778e+01) (1.250e+00 1.431e-01 2.065e-01) (0.000e+00 0.000e+00 0.000e+00)) ((-3.236e+00 -3.962e+01 -1.830e+01) (-8.980e-02 4.830e-02 6.927e-01) (0.000e+00 0.000e+00 0.000e+00))
118       	((1.374e+01 -2.554e+01 3.779e+01) (1.257e+00 1.458e-01 2.085e-01) (0.000e+00 0.000e+00 0.000e+00)) ((-3.255e+00 -3.972e+01 -1.854e+01) (-9.085e-02 4.661e-02 6.989e-01) (0.000e+00 0.000e+00 0.000e+00))
119       	((1.381e+01 -2.635e+01 3.774e+01) (1.262e+00 1.471e-01 2.107e-01) (0.000e+00 0.000e+00 0.000e+00)) ((-3.086e+00 -3.974e+01 -1.942e+01) (-9.186e-02 4.464e-02 7.027e-01) (0.000e+00 0.000e+00 0.000e+00))
120       	((1.400e+01 -2.704e+01 3.773e+01) (1.264e+00 1.469e-01 2.117e-01) (0.000e+00 0.000e+00 0.000e+00)) ((-2.963e+00 -3.977e+01 -2.008e+01) (-9.215e-02 4.333e-02 7.038e-01) (0.000e+00 0.000e+00 0.000e+00))
121       	((1.426e+01 -2.721e+01 3.780e+01) (1.263e+00 1.455e-01 2.108e-01) (0.000e+00 0.000e+00 0.000e+00)) ((-3.034e+00 -3.985e+01 -2.004e+01) (-9.147e-02 4.347e-02 7.027e-01) (0.000e+00 0.000e+00 0.000e+00))
122       	((1.452e+01 -2.679e+01 3.787e+01) (1.260e+00 1.435e-01 2.083e-01) (0.000e+00 0.000e+00 0.000e+00)) ((-3.303e+00 -3.991e+01 -1.920e+01) (-9.011e-02 4.500e-02 7.005e-01) (0.000e+00 0.000e+00 0.000e+00))
123       	((1.468e+01 -2.635e+01 3.790e+01) (1.256e+00 1.414e-01 2.061e-01) (0.000e+00 0.000e+00 0.000e+00)) ((-3.542e+00 -3.996e+01 -1.832e+01) (-8.886e-02 4.641e-02 6.980e-01) (0.000e+00 0.000e+00 0.000e+00))
124       	((1.479e+01 -2.649e+01 3.784e+01) (1.253e+00 1.392e-01 2.058e-01) (0.000e+00 0.000e+00 0.000e+00)) ((-3.512e+00 -3.993e+01 -1.822e+01) (-8.842e-02 4.612e-02 6.953e-01) (0.000e+00 0.000e+00 0.000e+00))
125       	((1.487e+01 -2.718e+01 3.771e+01) (1.250e+00 1.374e-01 2.081e-01) (0.000e+00 0.000e+00 0.000e+00)) ((-3.224e+00 -3.983e+01 -1.888e+01) (-8.907e-02 4.349e-02 6.928e-01) (0.000e+00 0.000e+00 0.000e+00))
126       	((1.496e+01 -2.793e+01 3.760e+01) (1.247e+00 1.357e-01 2.122e-01) (0.000e+00 0.000e+00 0.000e+00)) ((-2.873e+00 -3.971e+01 -1.975e+01) (-9.042e-02 3.906e-02 6.900e-01) (0.000e+00 0.000e+00 0.000e+00))
127       	((1.503e+01 -2.803e+01 3.756e+01) (1.244e+00 1.343e-01 2.155e-01) (0.000e+00 0.000e+00 0.000e+00)) ((-2.760e+00 -3.964e+01 -1.990e+01) (-9.157e-02 3.512e-02 6.868e-01) (0.000e+00 0.000e+00 0.000e+00))
128       	((1.504e+01 -2.756e+01 3.755e+01) (1.241e+00 1.327e-01 2.171e-01) (0.000e+00 0.000e+00 0.000e+00)) ((-2.845e+00 -3.958e+01 -1.939e+01) (-9.209e-02 3.300e-02 6.829e-01) (0.000e+00 0.000e+00 0.000e+00))
129       	((1.491e+01 -2.675e+01 3.757e+01) (1.238e+00 1.307e-01 2.176e-01) (0.000e+00 0.000e+00 0.000e+00)) ((-3.075e+00 -3.955e+01 -1.846e+01) (-9.220e-02 3.262e-02 6.779e-01) (0.000e+00 0.000e+00 0.000e+00))
130       	((1.476e+01 -2.645e+01 3.754e+01) (1.234e+00 1.285e-01 2.186e-01) (0.000e+00 0.000e+00 0.000e+00)) ((-3.108e+00 -3.950e+01 -1.818e+01) (-9.256e-02 3.239e-02 6.717e-01) (0.000e+00 0.000e+00 0.000e+00))
131       	((1.461e+01 -2.678e+01 3.756e+01) (1.228e+00 1.259e-01 2.209e-01) (0.000e+00 0.000e+00 0.000e+00)) ((-2.942e+00 -3.952e+01 -1.870e+01) (-9.340e-02 3.141e-02 6.646e-01) (0.000e+00 0.000e+00 0.000e+00))
132       	((1.455e+01 -2.719e+01 3.766e+01) (1.223e+00 1.239e-01 2.230e-01) (0.000e+00 0.000e+00 0.000e+00)) ((-2.766e+00 -3.965e+01 -1.931e+01) (-9.423e-02 3.040e-02 6.579e-01) (0.000e+00 0.000e+00 0.000e+00))
133       	((1.466e+01 -2.765e+01 3.788e+01) (1.218e+00 1.229e-01 2.231e-01) (0.000e+00 0.000e+00 0.000e+00)) ((-2.596e+00 -3.992e+01 -2.001e+01) (-9.427e-02 3.066e-02 6.526e-01) (0.000e+00 0.000e+00 0.000e+00))
134       	((1.471e+01 -2.714e+01 3.809e+01) (1.214e+00 1.227e-01 2.202e-01) (0.000e+00 0.000e+00 0.000e+00)) ((-2.782e+00 -4.020e+01 -1.950e+01) (-9.312e-02 3.307e-02 6.491e-01) (0.000e+00 0.000e+00 0.000e+00))
135       	((1.473e+01 -2.612e+01 3.837e+01) (1.211e+00 1.231e-01 2.161e-01) (0.000e+00 0.000e+00 0.000e+00)) ((-3.210e+00 -4.062e+01 -1.831e+01) (-9.167e-02 3.654e-02 6.473e-01) (0.000e+00 0.000e+00 0.000e+00))
136       	((1.473e+01 -2.553e+01 3.848e+01) (1.210e+00 1.235e-01 2.123e-01) (0.000e+00 0.000e+00 0.000e+00)) ((-3.459e+00 -4.086e+01 -1.764e+01) (-9.039e-02 3.982e-02 6.464e-01) (0.000e+00 0.000e+00 0.000e+00))
137       	((1.474e+01 -2.559e+01 3.851e+01) (1.209e+00 1.234e-01 2.096e-01) (0.000e+00 0.000e+00 0.000e+00)) ((-3.495e+00 -4.099e+01 -1.773e+01) (-8.956e-02 4.200e-02 6.454e-01) (0.000e+00 0.000e+00 0.000e+00))
138       	((1.482e+01 -2.623e+01 3.854e+01) (1.208e+00 1.228e-01 2.072e-01) (0.000e+00 0.000e+00 0.000e+00)) ((-3.359e+00 -4.109e+01 -1.850e+01) (-8.885e-02 4.358e-02 6.442e-01) (0.000e+00 0.000e+00 0.000e+00))
139       	((1.494e+01 -2.680e+01 3.851e+01) (1.208e+00 1.217e-01 2.040e-01) (0.000e+00 0.000e+00 0.000e+00)) ((-3.221e+00 -4.106e+01 -1.915e+01) (-8.769e-02 4.549e-02 6.430e-01) (0.000e+00 0.000e+00 0.000e+00))
140       	((1.507e+01 -2.686e+01 3.845e+01) (1.210e+00 1.199e-01 1.997e-01) (0.000e+00 0.000e+00 0.000e+00)) ((-3.239e+00 -4.098e+01 -1.913e+01) (-8.598e-02 4.809e-02 6.423e-01) (0.000e+00 0.000e+00 0.000e+00))
141       	((1.513e+01 -2.638e+01 3.831e+01) (1.213e+00 1.179e-01 1.954e-01) (0.000e+00 0.000e+00 0.000e+00)) ((-3.430e+00 -4.077e+01 -1.836e+01) (-8.429e-02 5.094e-02 6.425e-01) (0.000e+00 0.000e+00 0.000e+00))
142       	((1.515e+01 -2.583e+01 3.809e+01) (1.219e+00 1.157e-01 1.931e-01) (0.000e+00 0.000e+00 0.000e+00)) ((-3.603e+00 -4.050e+01 -1.746e+01) (-8.349e-02 5.292e-02 6.433e-01) (0.000e+00 0.000e+00 0.000e+00))
143       	((1.516e+01 -2.584e+01 3.781e+01) (1.225e+00 1.132e-01 1.937e-01) (0.000e+00 0.000e+00 0.000e+00)) ((-3.551e+00 -4.019e+01 -1.723e+01) (-8.386e-02 5.319e-02 6.443e-01) (0.000e+00 0.000e+00 0.000e+00))
144       	((1.517e+01 -2.636e+01 3.748e+01) (1.229e+00 1.102e-01 1.959e-01) (0.000e+00 0.000e+00 0.000e+00)) ((-3.278e+00 -3.982e+01 -1.766e+01) (-8.481e-02 5.218e-02 6.442e-01) (0.000e+00 0.000e+00 0.000e+00))
145       	((1.523e+01 -2.705e+01 3.719e+01) (1.232e+00 1.076e-01 1.979e-01) (0.000e+00 0.000e+00 0.000e+00)) ((-2.917e+00 -3.949e+01 -1.839e+01) (-8.548e-02 5.081e-02 6.439e-01) (0.000e+00 0.000e+00 0.000e+00))
146       	((1.529e+01 -2.715e+01 3.702e+01) (1.235e+00 1.059e-01 1.988e-01) (0.000e+00 0.000e+00 0.000e+00)) ((-2.773e+00 -3.926e+01 -1.845e+01) (-8.560e-02 4.987e-02 6.442e-01) (0.000e+00 0.000e+00 0.000e+00))
147       	((1.531e+01 -2.659e+01 3.684e+01) (1.237e+00 1.050e-01 1.976e-01) (0.000e+00 0.000e+00 0.000e+00)) ((-2.816e+00 -3.902e+01 -1.777e+01) (-8.478e-02 5.042e-02 6.449e-01) (0.000e+00 0.000e+00 0.000e+00))
148       	((1.525e+01 -2.557e+01 3.671e+01) (1.239e+00 1.047e-01 1.951e-01) (0.000e+00 0.000e+00 0.000e+00)) ((-3.037e+00 -3.887e+01 -1.652e+01) (-8.342e-02 5.209e-02 6.456e-01) (0.000e+00 0.000e+00 0.000e+00))
149       	((1.519e+01 -2.512e+01 3.661e+01) (1.240e+00 1.049e-01 1.932e-01) (0.000e+00 0.000e+00 0.000e+00)) ((-3.093e+00 -3.873e+01 -1.596e+01) (-8.229e-02 5.339e-02 6.460e-01) (0.000e+00 0.000e+00 0.000e+00))
150       	((1.512e+01 -2.527e+01 3.658e+01) (1.241e+00 1.055e-01 1.931e-01) (0.000e+00 0.000e+00 0.000e+00)) ((-2.964e+00 -3.871e+01 -1.618e+01) (-8.202e-02 5.298e-02 6.464e-01) (0.000e+00 0.000e+00 0.000e+00))
151       	((1.509e+01 -2.570e+01 3.667e+01) (1.242e+00 1.069e-01 1.945e-01) (0.000e+00 0.000e+00 0.000e+00)) ((-2.791e+00 -3.880e+01 -1.679e+01) (-8.257e-02 5.122e-02 6.475e-01) (0.000e+00 0.000e+00 0.000e+00))
152       	((1.517e+01 -2.631e+01 3.688e+01) (1.244e+00 1.092e-01 1.968e-01) (0.000e+00 0.000e+00 0.000e+00)) ((-2.548e+00 -3.899e+01 -1.767e+01) (-8.365e-02 4.852e-02 6.493e-01) (0.000e+00 0.000e+00 0.000e+00))
153       	((1.517e+01 -2.595e+01 3.710e+01) (1.246e+00 1.117e-01 1.989e-01) (0.000e+00 0.000e+00 0.000e+00)) ((-2.675e+00 -3.917e+01 -1.738e+01) (-8.483e-02 4.607e-02 6.515e-01) (0.000e+00 0.000e+00 0.000e+00))
154       	((1.516e+01 -2.530e+01 3.729e+01) (1.249e+00 1.141e-01 2.007e-01) (0.000e+00 0.000e+00 0.000e+00)) ((-2.908e+00 -3.928e+01 -1.671e+01) (-8.601e-02 4.455e-02 6.538e-01) (0.000e+00 0.000e+00 0.000e+00))
155       	((1.505e+01 -2.434e+01 3.747e+01) (1.252e+00 1.160e-01 2.025e-01) (0.000e+00 0.000e+00 0.000e+00)) ((-3.287e+00 -3.936e+01 -1.560e+01) (-8.727e-02 4.373e-02 6.558e-01) (0.000e+00 0.000e+00 0.000e+00))
156       	((1.497e+01 -2.432e+01 3.742e+01) (1.255e+00 1.173e-01 2.052e-01) (0.000e+00 0.000e+00 0.000e+00)) ((-3.240e+00 -3.923e+01 -1.568e+01) (-8.889e-02 4.293e-02 6.574e-01) (0.000e+00 0.000e+00 0.000e+00))
157       	((1.490e+01 -2.474e+01 3.732e+01) (1.258e+00 1.182e-01 2.087e-01) (0.000e+00 0.000e+00 0.000e+00)) ((-3.038e+00 -3.908e+01 -1.629e+01) (-9.083e-02 4.195e-02 6.588e-01) (0.000e+00 0.000e+00 0.000e+00))
158       	((1.489e+01 -2.556e+01 3.702e+01) (1.260e+00 1.194e-01 2.120e-01) (0.000e+00 0.000e+00 0.000e+00)) ((-2.633e+00 -3.868e+01 -1.745e+01) (-9.270e-02 4.093e-02 6.599e-01) (0.000e+00 0.000e+00 0.000e+00))
159       	((1.493e+01 -2.547e+01 3.700e+01) (1.261e+00 1.207e-01 2.144e-01) (0.000e+00 0.000e+00 0.000e+00)) ((-2.662e+00 -3.867e+01 -1.740e+01) (-9.420e-02 4.013e-02 6.611e-01) (0.000e+00 0.000e+00 0.000e+00))
160       	((1.501e+01 -2.484e+01 3.693e+01) (1.262e+00 1.221e-01 2.152e-01) (0.000e+00 0.000e+00 0.000e+00)) ((-2.908e+00 -3.858e+01 -1.659e+01) (-9.510e-02 4.021e-02 6.624e-01) (0.000e+00 0.000e+00 0.000e+00))
161       	((1.505e+01 -2.422e+01 3.684e+01) (1.262e+00 1.235e-01 2.154e-01) (0.000e+00 0.000e+00 0.000e+00)) ((-3.146e+00 -3.848e+01 -1.576e+01) (-9.570e-02 4.035e-02 6.638e-01) (0.000e+00 0.000e+00 0.000e+00))
162       	((1.502e+01 -2.357e+01 3.667e+01) (1.263e+00 1.245e-01 2.164e-01) (0.000e+00 0.000e+00 0.000e+00)) ((-3.402e+00 -3.832e+01 -1.480e+01) (-9.658e-02 3.970e-02 6.653e-01) (0.000e+00 0.000e+00 0.000e+00))
163       	((1.505e+01 -2.408e+01 3.651e+01) (1.264e+00 1.254e-01 2.193e-01) (0.000e+00 0.000e+00 0.000e+00)) ((-3.228e+00 -3.820e+01 -1.533e+01) (-9.825e-02 3.737e-02 6.669e-01) (0.000e+00 0.000e+00 0.000e+00))
164       	((1.510e+01 -2.495e+01 3.642e+01) (1.265e+00 1.261e-01 2.235e-01) (0.000e+00 0.000e+00 0.000e+00)) ((-2.941e+00 -3.812e+01 -1.632e+01) (-1.003e-01 3.363e-02 6.684e-01) (0.000e+00 0.000e+00 0.000e+00))
165       	((1.523e+01 -2.603e+01 3.630e+01) (1.266e+00 1.267e-01 2.276e-01) (0.000e+00 0.000e+00 0.000e+00)) ((-2.552e+00 -3.794e+01 -1.759e+01) (-1.021e-01 2.961e-02 6.694e-01) (0.000e+00 0.000e+00 0.000e+00))
166       	((1.533e+01 -2.600e+01 3.638e+01) (1.265e+00 1.268e-01 2.306e-01) (0.000e+00 0.000e+00 0.000e+00)) ((-2.622e+00 -3.790e+01 -1.750e+01) (-1.033e-01 2.622e-02 6.694e-01) (0.000e+00 0.000e+00 0.000e+00))
167       	((1.540e+01 -2.555e+01 3.644e+01) (1.264e+00 1.266e-01 2.323e-01) (0.000e+00 0.000e+00 0.000e+00)) ((-2.819e+00 -3.782e+01 -1.691e+01) (-1.040e-01 2.403e-02 6.684e-01) (0.000e+00 0.000e+00 0.000e+00))
168       	((1.537e+01 -2.489e+01 3.644e+01) (1.261e+00 1.257e-01 2.334e-01) (0.000e+00 0.000e+00 0.000e+00)) ((-3.074e+00 -3.770e+01 -1.604e+01) (-1.043e-01 2.248e-02 6.661e-01) (0.000e+00 0.000e+00 0.000e+00))
169       	((1.530e+01 -2.469e+01 3.635e+01) (1.256e+00 1.242e-01 2.348e-01) (0.000e+00 0.000e+00 0.000e+00)) ((-3.137e+00 -3.752e+01 -1.571e+01) (-1.045e-01 2.085e-02 6.627e-01) (0.000e+00 0.000e+00 0.000e+00))
170       	((1.532e+01 -2.529e+01 3.617e+01) (1.250e+00 1.223e-01 2.363e-01) (0.000e+00 0.000e+00 0.000e+00)) ((-2.868e+00 -3.727e+01 -1.640e+01) (-1.045e-01 1.923e-02 6.587e-01) (0.000e+00 0.000e+00 0.000e+00))
171       	((1.539e+01 -2.579e+01 3.606e+01) (1.242e+00 1.207e-01 2.370e-01) (0.000e+00 0.000e+00 0.000e+00)) ((-2.642e+00 -3.709e+01 -1.700e+01) (-1.040e-01 1.819e-02 6.545e-01) (0.000e+00 0.000e+00 0.000e+00))
172       	((1.550e+01 -2.623e+01 3.595e+01) (1.234e+00 1.193e-01 2.368e-01) (0.000e+00 0.000e+00 0.000e+00)) ((-2.410e+00 -3.686e+01 -1.760e+01) (-1.033e-01 1.790e-02 6.505e-01) (0.000e+00 0.000e+00 0.000e+00))
173       	((1.552e+01 -2.583e+01 3.592e+01) (1.226e+00 1.179e-01 2.358e-01) (0.000e+00 0.000e+00 0.000e+00)) ((-2.502e+00 -3.674e+01 -1.720e+01) (-1.024e-01 1.838e-02 6.464e-01) (0.000e+00 0.000e+00 0.000e+00))
174       	((1.540e+01 -2.499e+01 3.596e+01) (1.219e+00 1.162e-01 2.350e-01) (0.000e+00 0.000e+00 0.000e+00)) ((-2.767e+00 -3.674e+01 -1.631e+01) (-1.019e-01 1.906e-02 6.423e-01) (0.000e+00 0.000e+00 0.000e+00))
175       	((1.524e+01 -2.466e+01 3.595e+01) (1.214e+00 1.136e-01 2.353e-01) (0.000e+00 0.000e+00 0.000e+00)) ((-2.840e+00 -3.674e+01 -1.607e+01) (-1.019e-01 1.925e-02 6.379e-01) (0.000e+00 0.000e+00 0.000e+00))
176       	((1.509e+01 -2.490e+01 3.598e+01) (1.209e+00 1.107e-01 2.359e-01) (0.000e+00 0.000e+00 0.000e+00)) ((-2.744e+00 -3.682e+01 -1.653e+01) (-1.020e-01 1.907e-02 6.337e-01) (0.000e+00 0.000e+00 0.000e+00))
177       	((1.505e+01 -2.565e+01 3.610e+01) (1.205e+00 1.084e-01 2.362e-01) (0.000e+00 0.000e+00 0.000e+00)) ((-2.503e+00 -3.702e+01 -1.763e+01) (-1.016e-01 1.896e-02 6.303e-01) (0.000e+00 0.000e+00 0.000e+00))
178       	((1.508e+01 -2.607e+01 3.631e+01) (1.203e+00 1.068e-01 2.353e-01) (0.000e+00 0.000e+00 0.000e+00)) ((-2.417e+00 -3.730e+01 -1.826e+01) (-1.007e-01 1.935e-02 6.282e-01) (0.000e+00 0.000e+00 0.000e+00))
179       	((1.512e+01 -2.598e+01 3.654e+01) (1.201e+00 1.064e-01 2.334e-01) (0.000e+00 0.000e+00 0.000e+00)) ((-2.533e+00 -3.759e+01 -1.821e+01) (-9.948e-02 2.050e-02 6.277e-01) (0.000e+00 0.000e+00 0.000e+00))
180       	((1.512e+01 -2.548e+01 3.684e+01) (1.202e+00 1.066e-01 2.320e-01) (0.000e+00 0.000e+00 0.000e+00)) ((-2.841e+00 -3.799e+01 -1.757e+01) (-9.869e-02 2.169e-02 6.282e-01) (0.000e+00 0.000e+00 0.000e+00))
181       	((1.507e+01 -2.518e+01 3.699e+01) (1.203e+00 1.064e-01 2.317e-01) (0.000e+00 0.000e+00 0.000e+00)) ((-3.036e+00 -3.826e+01 -1.714e+01) (-9.847e-02 2.229e-02 6.286e-01) (0.000e+00 0.000e+00 0.000e+00))
182       	((1.505e+01 -2.533e+01 3.708e+01) (1.205e+00 1.057e-01 2.320e-01) (0.000e+00 0.000e+00 0.000e+00)) ((-3.056e+00 -3.848e+01 -1.726e+01) (-9.840e-02 2.238e-02 6.286e-01) (0.000e+00 0.000e+00 0.000e+00))
183       	((1.513e+01 -2.600e+01 3.719e+01) (1.206e+00 1.049e-01 2.314e-01) (0.000e+00 0.000e+00 0.000e+00)) ((-2.909e+00 -3.872e+01 -1.802e+01) (-9.785e-02 2.240e-02 6.283e-01) (0.000e+00 0.000e+00 0.000e+00))
184       	((1.531e+01 -2.652e+01 3.729e+01) (1.207e+00 1.044e-01 2.299e-01) (0.000e+00 0.000e+00 0.000e+00)) ((-2.784e+00 -3.892e+01 -1.857e+01) (-9.677e-02 2.251e-02 6.283e-01) (0.000e+00 0.000e+00 0.000e+00))
185       	((1.552e+01 -2.654e+01 3.738e+01) (1.208e+00 1.039e-01 2.280e-01) (0.000e+00 0.000e+00 0.000e+00)) ((-2.819e+00 -3.908e+01 -1.849e+01) (-9.571e-02 2.278e-02 6.287e-01) (0.000e+00 0.000e+00 0.000e+00))
186       	((1.569e+01 -2.608e+01 3.749e+01) (1.209e+00 1.041e-01 2.272e-01) (0.000e+00 0.000e+00 0.000e+00)) ((-3.046e+00 -3.925e+01 -1.777e+01) (-9.540e-02 2.289e-02 6.302e-01) (0.000e+00 0.000e+00 0.000e+00))
187       	((1.570e+01 -2.559e+01 3.750e+01) (1.210e+00 1.049e-01 2.285e-01) (0.000e+00 0.000e+00 0.000e+00)) ((-3.253e+00 -3.931e+01 -1.701e+01) (-9.628e-02 2.224e-02 6.324e-01) (0.000e+00 0.000e+00 0.000e+00))
188       	((1.562e+01 -2.562e+01 3.742e+01) (1.211e+00 1.055e-01 2.317e-01) (0.000e+00 0.000e+00 0.000e+00)) ((-3.243e+00 -3.927e+01 -1.694e+01) (-9.812e-02 2.055e-02 6.344e-01) (0.000e+00 0.000e+00 0.000e+00))
189       	((1.550e+01 -2.621e+01 3.731e+01) (1.210e+00 1.052e-01 2.350e-01) (0.000e+00 0.000e+00 0.000e+00)) ((-3.039e+00 -3.921e+01 -1.758e+01) (-9.992e-02 1.878e-02 6.352e-01) (0.000e+00 0.000e+00 0.000e+00))
190       	((1.542e+01 -2.696e+01 3.726e+01) (1.208e+00 1.043e-01 2.366e-01) (0.000e+00 0.000e+00 0.000e+00)) ((-2.779e+00 -3.917e+01 -1.847e+01) (-1.008e-01 1.788e-02 6.351e-01) (0.000e+00 0.000e+00 0.000e+00))
191       	((1.534e+01 -2.717e+01 3.728e+01) (1.204e+00 1.037e-01 2.358e-01) (0.000e+00 0.000e+00 0.000e+00)) ((-2.721e+00 -3.917e+01 -1.872e+01) (-1.006e-01 1.848e-02 6.345e-01) (0.000e+00 0.000e+00 0.000e+00))
192       	((1.522e+01 -2.677e+01 3.735e+01) (1.200e+00 1.039e-01 2.332e-01) (0.000e+00 0.000e+00 0.000e+00)) ((-2.880e+00 -3.918e+01 -1.825e+01) (-9.973e-02 2.042e-02 6.342e-01) (0.000e+00 0.000e+00 0.000e+00))
193       	((1.500e+01 -2.604e+01 3.741e+01) (1.195e+00 1.049e-01 2.310e-01) (0.000e+00 0.000e+00 0.000e+00)) ((-3.155e+00 -3.917e+01 -1.736e+01) (-9.907e-02 2.244e-02 6.343e-01) (0.000e+00 0.000e+00 0.000e+00))
194       	((1.475e+01 -2.579e+01 3.738e+01) (1.191e+00 1.064e-01 2.305e-01) (0.000e+00 0.000e+00 0.000e+00)) ((-3.208e+00 -3.909e+01 -1.710e+01) (-9.912e-02 2.320e-02 6.349e-01) (0.000e+00 0.000e+00 0.000e+00))
195       	((1.451e+01 -2.603e+01 3.733e+01) (1.188e+00 1.073e-01 2.316e-01) (0.000e+00 0.000e+00 0.000e+00)) ((-3.086e+00 -3.904e+01 -1.748e+01) (-9.975e-02 2.249e-02 6.354e-01) (0.000e+00 0.000e+00 0.000e+00))
196       	((1.435e+01 -2.662e+01 3.729e+01) (1.186e+00 1.080e-01 2.326e-01) (0.000e+00 0.000e+00 0.000e+00)) ((-2.823e+00 -3.900e+01 -1.836e+01) (-1.001e-01 2.156e-02 6.363e-01) (0.000e+00 0.000e+00 0.000e+00))
197       	((1.428e+01 -2.672e+01 3.730e+01) (1.185e+00 1.087e-01 2.317e-01) (0.000e+00 0.000e+00 0.000e+00)) ((-2.732e+00 -3.902e+01 -1.865e+01) (-9.950e-02 2.162e-02 6.375e-01) (0.000e+00 0.000e+00 0.000e+00))
198       	((1.425e+01 -2.624e+01 3.735e+01) (1.185e+00 1.102e-01 2.291e-01) (0.000e+00 0.000e+00 0.000e+00)) ((-2.850e+00 -3.905e+01 -1.825e+01) (-9.816e-02 2.302e-02 6.397e-01) (0.000e+00 0.000e+00 0.000e+00))
199       	((1.421e+01 -2.535e+01 3.744e+01) (1.187e+00 1.125e-01 2.263e-01) (0.000e+00 0.000e+00 0.000e+00)) ((-3.161e+00 -3.912e+01 -1.728e+01) (-9.684e-02 2.474e-02 6.430e-01) (0.000e+00 0.000e+00 0.000e+00))
200       	((1.417e+01 -2.479e+01 3.743e+01) (1.189e+00 1.156e-01 2.246e-01) (0.000e+00 0.000e+00 0.000e+00)) ((-3.334e+00 -3.909e+01 -1.666e+01) (-9.607e-02 2.581e-02 6.469e-01) (0.000e+00 0.000e+00 0.000e+00))
201       	((1.418e+01 -2.483e+01 3.739e+01) (1.192e+00 1.177e-01 2.240e-01) (0.000e+00 0.000e+00 0.000e+00)) ((-3.324e+00 -3.905e+01 -1.670e+01) (-9.579e-02 2.598e-02 6.504e-01) (0.000e+00 0.000e+00 0.000e+00))
202       	((1.428e+01 -2.552e+01 3.734e+01) (1.195e+00 1.180e-01 2.229e-01) (0.000e+00 0.000e+00 0.000e+00)) ((-3.133e+00 -3.898e+01 -1.748e+01) (-9.517e-02 2.614e-02 6.530e-01) (0.000e+00 0.000e+00 0.000e+00))
203       	((1.445e+01 -2.622e+01 3.732e+01) (1.199e+00 1.167e-01 2.201e-01) (0.000e+00 0.000e+00 0.000e+00)) ((-2.954e+00 -3.896e+01 -1.821e+01) (-9.380e-02 2.705e-02 6.551e-01) (0.000e+00 0.000e+00 0.000e+00))
204       	((1.464e+01 -2.641e+01 3.733e+01) (1.203e+00 1.140e-01 2.161e-01) (0.000e+00 0.000e+00 0.000e+00)) ((-2.978e+00 -3.897e+01 -1.826e+01) (-9.201e-02 2.900e-02 6.568e-01) (0.000e+00 0.000e+00 0.000e+00))
205       	((1.483e+01 -2.622e+01 3.733e+01) (1.206e+00 1.107e-01 2.114e-01) (0.000e+00 0.000e+00 0.000e+00)) ((-3.175e+00 -3.897e+01 -1.773e+01) (-9.007e-02 3.198e-02 6.579e-01) (0.000e+00 0.000e+00 0.000e+00))
206       	((1.497e+01 -2.589e+01 3.726e+01) (1.209e+00 1.072e-01 2.066e-01) (0.000e+00 0.000e+00 0.000e+00)) ((-3.432e+00 -3.894e+01 -1.688e+01) (-8.828e-02 3.556e-02 6.584e-01) (0.000e+00 0.000e+00 0.000e+00))
207       	((1.509e+01 -2.599e+01 3.708e+01) (1.210e+00 1.038e-01 2.031e-01) (0.000e+00 0.000e+00 0.000e+00)) ((-3.511e+00 -3.889e+01 -1.648e+01) (-8.710e-02 3.857e-02 6.583e-01) (0.000e+00 0.000e+00 0.000e+00))
208       	((1.520e+01 -2.663e+01 3.683e+01) (1.209e+00 1.000e-01 2.020e-01) (0.000e+00 0.000e+00 0.000e+00)) ((-3.368e+00 -3.882e+01 -1.672e+01) (-8.703e-02 3.985e-02 6.574e-01) (0.000e+00 0.000e+00 0.000e+00))
209       	((1.531e+01 -2.746e+01 3.657e+01) (1.206e+00 9.633e-02 2.027e-01) (0.000e+00 0.000e+00 0.000e+00)) ((-3.107e+00 -3.874e+01 -1.727e+01) (-8.769e-02 3.940e-02 6.565e-01) (0.000e+00 0.000e+00 0.000e+00))
210       	((1.539e+01 -2.781e+01 3.642e+01) (1.200e+00 9.282e-02 2.029e-01) (0.000e+00 0.000e+00 0.000e+00)) ((-2.980e+00 -3.872e+01 -1.735e+01) (-8.801e-02 3.830e-02 6.544e-01) (0.000e+00 0.000e+00 0.000e+00))
211       	((1.541e+01 -2.746e+01 3.642e+01) (1.190e+00 8.930e-02 2.019e-01) (0.000e+00 0.000e+00 0.000e+00)) ((-3.095e+00 -3.878e+01 -1.665e+01) (-8.762e-02 3.761e-02 6.506e-01) (0.000e+00 0.000e+00 0.000e+00))
212       	((1.532e+01 -2.658e+01 3.660e+01) (1.178e+00 8.655e-02 2.001e-01) (0.000e+00 0.000e+00 0.000e+00)) ((-3.419e+00 -3.898e+01 -1.538e+01) (-8.680e-02 3.775e-02 6.457e-01) (0.000e+00 0.000e+00 0.000e+00))
213       	((1.514e+01 -2.600e+01 3.682e+01) (1.163e+00 8.519e-02 1.998e-01) (0.000e+00 0.000e+00 0.000e+00)) ((-3.616e+00 -3.921e+01 -1.463e+01) (-8.657e-02 3.743e-02 6.405e-01) (0.000e+00 0.000e+00 0.000e+00))
214       	((1.488e+01 -2.608e+01 3.703e+01) (1.149e+00 8.496e-02 2.030e-01) (0.000e+00 0.000e+00 0.000e+00)) ((-3.547e+00 -3.945e+01 -1.481e+01) (-8.783e-02 3.493e-02 6.357e-01) (0.000e+00 0.000e+00 0.000e+00))
215       	((1.461e+01 -2.671e+01 3.726e+01) (1.135e+00 8.470e-02 2.097e-01) (0.000e+00 0.000e+00 0.000e+00)) ((-3.254e+00 -3.977e+01 -1.580e+01) (-9.053e-02 2.997e-02 6.314e-01) (0.000e+00 0.000e+00 0.000e+00))
216       	((1.440e+01 -2.708e+01 3.742e+01) (1.124e+00 8.441e-02 2.169e-01) (0.000e+00 0.000e+00 0.000e+00)) ((-2.996e+00 -4.000e+01 -1.654e+01) (-9.340e-02 2.460e-02 6.278e-01) (0.000e+00 0.000e+00 0.000e+00))
217       	((1.425e+01 -2.678e+01 3.756e+01) (1.114e+00 8.407e-02 2.210e-01) (0.000e+00 0.000e+00 0.000e+00)) ((-2.965e+00 -4.017e+01 -1.647e+01) (-9.489e-02 2.137e-02 6.249e-01) (0.000e+00 0.000e+00 0.000e+00))
218       	((1.410e+01 -2.583e+01 3.778e+01) (1.107e+00 8.447e-02 2.216e-01) (0.000e+00 0.000e+00 0.000e+00)) ((-3.212e+00 -4.035e+01 -1.563e+01) (-9.491e-02 2.053e-02 6.233e-01) (0.000e+00 0.000e+00 0.000e+00))
219       	((1.390e+01 -2.484e+01 3.799e+01) (1.104e+00 8.572e-02 2.206e-01) (0.000e+00 0.000e+00 0.000e+00)) ((-3.517e+00 -4.047e+01 -1.473e+01) (-9.413e-02 2.103e-02 6.233e-01) (0.000e+00 0.000e+00 0.000e+00))
220       	((1.375e+01 -2.448e+01 3.818e+01) (1.105e+00 8.789e-02 2.201e-01) (0.000e+00 0.000e+00 0.000e+00)) ((-3.627e+00 -4.054e+01 -1.463e+01) (-9.352e-02 2.142e-02 6.253e-01) (0.000e+00 0.000e+00 0.000e+00))
221       	((1.367e+01 -2.481e+01 3.837e+01) (1.112e+00 8.937e-02 2.194e-01) (0.000e+00 0.000e+00 0.000e+00)) ((-3.520e+00 -4.062e+01 -1.544e+01) (-9.267e-02 2.189e-02 6.285e-01) (0.000e+00 0.000e+00 0.000e+00))
222       	((1.370e+01 -2.541e+01 3.854e+01) (1.122e+00 8.951e-02 2.161e-01) (0.000e+00 0.000e+00 0.000e+00)) ((-3.315e+00 -4.069e+01 -1.661e+01) (-9.045e-02 2.379e-02 6.323e-01) (0.000e+00 0.000e+00 0.000e+00))
223       	((1.383e+01 -2.570e+01 3.878e+01) (1.134e+00 8.959e-02 2.094e-01) (0.000e+00 0.000e+00 0.000e+00)) ((-3.283e+00 -4.083e+01 -1.726e+01) (-8.685e-02 2.827e-02 6.360e-01) (0.000e+00 0.000e+00 0.000e+00))
224       	((1.401e+01 -2.562e+01 3.905e+01) (1.144e+00 9.050e-02 1.998e-01) (0.000e+00 0.000e+00 0.000e+00)) ((-3.478e+00 -4.099e+01 -1.728e+01) (-8.233e-02 3.484e-02 6.397e-01) (0.000e+00 0.000e+00 0.000e+00))
225       	((1.417e+01 -2.527e+01 3.934e+01) (1.154e+00 9.265e-02 1.902e-01) (0.000e+00 0.000e+00 0.000e+00)) ((-3.887e+00 -4.115e+01 -1.679e+01) (-7.821e-02 4.124e-02 6.442e-01) (0.000e+00 0.000e+00 0.000e+00))
226       	((1.428e+01 -2.493e+01 3.957e+01) (1.163e+00 9.472e-02 1.827e-01) (0.000e+00 0.000e+00 0.000e+00)) ((-4.313e+00 -4.126e+01 -1.619e+01) (-7.523e-02 4.591e-02 6.485e-01) (0.000e+00 0.000e+00 0.000e+00))
227       	((1.431e+01 -2.491e+01 3.963e+01) (1.172e+00 9.611e-02 1.771e-01) (0.000e+00 0.000e+00 0.000e+00)) ((-4.551e+00 -4.124e+01 -1.599e+01) (-7.316e-02 4.859e-02 6.525e-01) (0.000e+00 0.000e+00 0.000e+00))
228       	((1.426e+01 -2.519e+01 3.942e+01) (1.181e+00 9.597e-02 1.730e-01) (0.000e+00 0.000e+00 0.000e+00)) ((-4.563e+00 -4.103e+01 -1.626e+01) (-7.178e-02 4.928e-02 6.559e-01) (0.000e+00 0.000e+00 0.000e+00))
229       	((1.418e+01 -2.552e+01 3.900e+01) (1.187e+00 9.489e-02 1.691e-01) (0.000e+00 0.000e+00 0.000e+00)) ((-4.421e+00 -4.068e+01 -1.668e+01) (-7.029e-02 4.881e-02 6.586e-01) (0.000e+00 0.000e+00 0.000e+00))
230       	((1.415e+01 -2.552e+01 3.861e+01) (1.189e+00 9.354e-02 1.656e-01) (0.000e+00 0.000e+00 0.000e+00)) ((-4.348e+00 -4.037e+01 -1.673e+01) (-6.882e-02 4.720e-02 6.598e-01) (0.000e+00 0.000e+00 0.000e+00))
231       	((1.416e+01 -2.505e+01 3.825e+01) (1.187e+00 9.187e-02 1.628e-01) (0.000e+00 0.000e+00 0.000e+00)) ((-4.435e+00 -4.008e+01 -1.615e+01) (-6.740e-02 4.484e-02 6.589e-01) (0.000e+00 0.000e+00 0.000e+00))
232       	((1.416e+01 -2.431e+01 3.806e+01) (1.183e+00 9.059e-02 1.613e-01) (0.000e+00 0.000e+00 0.000e+00)) ((-4.697e+00 -4.000e+01 -1.512e+01) (-6.656e-02 4.219e-02 6.564e-01) (0.000e+00 0.000e+00 0.000e+00))
233       	((1.414e+01 -2.416e+01 3.792e+01) (1.176e+00 9.148e-02 1.631e-01) (0.000e+00 0.000e+00 0.000e+00)) ((-4.783e+00 -4.000e+01 -1.473e+01) (-6.738e-02 3.839e-02 6.540e-01) (0.000e+00 0.000e+00 0.000e+00))
234       	((1.409e+01 -2.465e+01 3.776e+01) (1.169e+00 9.393e-02 1.698e-01) (0.000e+00 0.000e+00 0.000e+00)) ((-4.599e+00 -4.000e+01 -1.516e+01) (-7.054e-02 3.221e-02 6.520e-01) (0.000e+00 0.000e+00 0.000e+00))
235       	((1.405e+01 -2.561e+01 3.756e+01) (1.163e+00 9.577e-02 1.799e-01) (0.000e+00 0.000e+00 0.000e+00)) ((-4.166e+00 -3.998e+01 -1.625e+01) (-7.521e-02 2.452e-02 6.499e-01) (0.000e+00 0.000e+00 0.000e+00))
236       	((1.408e+01 -2.636e+01 3.739e+01) (1.158e+00 9.544e-02 1.895e-01) (0.000e+00 0.000e+00 0.000e+00)) ((-3.750e+00 -3.992e+01 -1.722e+01) (-7.950e-02 1.749e-02 6.463e-01) (0.000e+00 0.000e+00 0.000e+00))
237       	((1.415e+01 -2.656e+01 3.731e+01) (1.151e+00 9.381e-02 1.960e-01) (0.000e+00 0.000e+00 0.000e+00)) ((-3.526e+00 -3.986e+01 -1.762e+01) (-8.215e-02 1.280e-02 6.403e-01) (0.000e+00 0.000e+00 0.000e+00))
238       	((1.419e+01 -2.632e+01 3.732e+01) (1.140e+00 9.174e-02 1.992e-01) (0.000e+00 0.000e+00 0.000e+00)) ((-3.477e+00 -3.979e+01 -1.754e+01) (-8.310e-02 1.075e-02 6.320e-01) (0.000e+00 0.000e+00 0.000e+00))
239       	((1.414e+01 -2.603e+01 3.742e+01) (1.127e+00 9.050e-02 2.011e-01) (0.000e+00 0.000e+00 0.000e+00)) ((-3.527e+00 -3.976e+01 -1.736e+01) (-8.349e-02 9.782e-03 6.233e-01) (0.000e+00 0.000e+00 0.000e+00))
240       	((1.403e+01 -2.629e+01 3.751e+01) (1.114e+00 9.080e-02 2.045e-01) (0.000e+00 0.000e+00 0.000e+00)) ((-3.435e+00 -3.969e+01 -1.779e+01) (-8.466e-02 7.749e-03 6.160e-01) (0.000e+00 0.000e+00 0.000e+00))
