# Forces  
# CofR    : (0.000e+00 0.000e+00 0.000e+00)
# Time    forces(pressure viscous porous) moment(pressure viscous porous)
1         	((2.783e+01 5.142e+01 1.556e+01) (1.236e-01 -3.856e-03 1.263e-03) (0.000e+00 0.000e+00 0.000e+00)) ((-3.721e+00 1.633e+01 -1.265e+01) (-1.035e-03 8.710e-03 2.281e-02) (0.000e+00 0.000e+00 0.000e+00))
2         	((1.372e+01 1.173e+01 1.078e+00) (1.088e-01 -1.105e-02 5.545e-03) (0.000e+00 0.000e+00 0.000e+00)) ((-2.830e-01 7.806e+00 -5.597e+00) (-8.637e-04 6.685e-03 2.175e-02) (0.000e+00 0.000e+00 0.000e+00))
3         	((5.994e+00 -2.623e+00 -4.174e+00) (1.028e-01 -1.212e-02 8.540e-03) (0.000e+00 0.000e+00 0.000e+00)) ((8.154e-01 3.900e+00 -3.346e+00) (-8.168e-04 5.095e-03 2.026e-02) (0.000e+00 0.000e+00 0.000e+00))
4         	((3.282e+00 -6.077e+00 -4.662e+00) (9.976e-02 -1.167e-02 9.332e-03) (0.000e+00 0.000e+00 0.000e+00)) ((8.695e-01 2.427e+00 -2.953e+00) (-1.013e-03 5.061e-03 1.952e-02) (0.000e+00 0.000e+00 0.000e+00))
5         	((2.239e+00 -7.639e+00 -4.975e+00) (9.721e-02 -1.119e-02 9.755e-03) (0.000e+00 0.000e+00 0.000e+00)) ((8.430e-01 1.607e+00 -2.858e+00) (-1.230e-03 5.148e-03 1.910e-02) (0.000e+00 0.000e+00 0.000e+00))
6         	((1.960e+00 -7.945e+00 -4.929e+00) (9.467e-02 -1.087e-02 1.027e-02) (0.000e+00 0.000e+00 0.000e+00)) ((7.924e-01 1.187e+00 -3.004e+00) (-1.455e-03 5.125e-03 1.874e-02) (0.000e+00 0.000e+00 0.000e+00))
7         	((1.921e+00 -7.539e+00 -4.390e+00) (9.221e-02 -1.057e-02 1.083e-02) (0.000e+00 0.000e+00 0.000e+00)) ((7.081e-01 8.495e-01 -3.296e+00) (-1.711e-03 5.034e-03 1.842e-02) (0.000e+00 0.000e+00 0.000e+00))
8         	((1.915e+00 -7.178e+00 -3.524e+00) (8.981e-02 -1.035e-02 1.140e-02) (0.000e+00 0.000e+00 0.000e+00)) ((6.126e-01 4.511e-01 -3.692e+00) (-1.963e-03 4.892e-03 1.804e-02) (0.000e+00 0.000e+00 0.000e+00))
9         	((1.882e+00 -7.035e+00 -2.423e+00) (8.754e-02 -1.046e-02 1.197e-02) (0.000e+00 0.000e+00 0.000e+00)) ((5.005e-01 -7.508e-02 -4.089e+00) (-2.121e-03 4.744e-03 1.753e-02) (0.000e+00 0.000e+00 0.000e+00))
10        	((1.867e+00 -6.704e+00 -1.142e+00) (8.513e-02 -1.076e-02 1.264e-02) (0.000e+00 0.000e+00 0.000e+00)) ((3.358e-01 -6.777e-01 -4.272e+00) (-2.246e-03 4.438e-03 1.688e-02) (0.000e+00 0.000e+00 0.000e+00))
11        	((1.885e+00 -6.095e+00 1.838e-01) (8.298e-02 -1.099e-02 1.366e-02) (0.000e+00 0.000e+00 0.000e+00)) ((1.364e-01 -1.258e+00 -4.222e+00) (-2.485e-03 3.878e-03 1.635e-02) (0.000e+00 0.000e+00 0.000e+00))
12        	((1.933e+00 -5.349e+00 1.371e+00) (8.158e-02 -1.120e-02 1.515e-02) (0.000e+00 0.000e+00 0.000e+00)) ((-5.726e-02 -1.721e+00 -4.033e+00) (-2.859e-03 3.106e-03 1.607e-02) (0.000e+00 0.000e+00 0.000e+00))
13        	((2.009e+00 -4.712e+00 2.321e+00) (8.038e-02 -1.133e-02 1.654e-02) (0.000e+00 0.000e+00 0.000e+00)) ((-2.134e-01 -2.047e+00 -3.868e+00) (-3.230e-03 2.405e-03 1.589e-02) (0.000e+00 0.000e+00 0.000e+00))
14        	((2.145e+00 -4.259e+00 3.022e+00) (7.925e-02 -1.138e-02 1.786e-02) (0.000e+00 0.000e+00 0.000e+00)) ((-3.245e-01 -2.238e+00 -3.794e+00) (-3.618e-03 1.701e-03 1.572e-02) (0.000e+00 0.000e+00 0.000e+00))
15        	((2.352e+00 -3.996e+00 3.607e+00) (7.819e-02 -1.138e-02 1.918e-02) (0.000e+00 0.000e+00 0.000e+00)) ((-4.033e-01 -2.370e+00 -3.817e+00) (-4.027e-03 9.721e-04 1.558e-02) (0.000e+00 0.000e+00 0.000e+00))
16        	((2.626e+00 -3.791e+00 4.162e+00) (7.718e-02 -1.146e-02 2.029e-02) (0.000e+00 0.000e+00 0.000e+00)) ((-4.686e-01 -2.470e+00 -3.914e+00) (-4.371e-03 3.583e-04 1.536e-02) (0.000e+00 0.000e+00 0.000e+00))
17        	((2.917e+00 -3.550e+00 4.753e+00) (7.631e-02 -1.183e-02 2.104e-02) (0.000e+00 0.000e+00 0.000e+00)) ((-5.323e-01 -2.575e+00 -4.051e+00) (-4.555e-03 6.623e-06 1.495e-02) (0.000e+00 0.000e+00 0.000e+00))
18        	((3.197e+00 -3.354e+00 5.376e+00) (7.539e-02 -1.244e-02 2.131e-02) (0.000e+00 0.000e+00 0.000e+00)) ((-5.950e-01 -2.696e+00 -4.207e+00) (-4.543e-03 -6.242e-05 1.438e-02) (0.000e+00 0.000e+00 0.000e+00))
19        	((3.436e+00 -3.376e+00 5.873e+00) (7.431e-02 -1.309e-02 2.128e-02) (0.000e+00 0.000e+00 0.000e+00)) ((-6.365e-01 -2.799e+00 -4.382e+00) (-4.427e-03 -3.520e-05 1.372e-02) (0.000e+00 0.000e+00 0.000e+00))
20        	((3.593e+00 -3.676e+00 6.122e+00) (7.345e-02 -1.373e-02 2.113e-02) (0.000e+00 0.000e+00 0.000e+00)) ((-6.415e-01 -2.866e+00 -4.584e+00) (-4.264e-03 9.310e-05 1.310e-02) (0.000e+00 0.000e+00 0.000e+00))
21        	((3.652e+00 -4.115e+00 6.128e+00) (7.282e-02 -1.444e-02 2.088e-02) (0.000e+00 0.000e+00 0.000e+00)) ((-6.135e-01 -2.882e+00 -4.800e+00) (-4.044e-03 3.475e-04 1.252e-02) (0.000e+00 0.000e+00 0.000e+00))
22        	((3.629e+00 -4.561e+00 5.994e+00) (7.236e-02 -1.526e-02 2.059e-02) (0.000e+00 0.000e+00 0.000e+00)) ((-5.681e-01 -2.859e+00 -5.013e+00) (-3.781e-03 6.754e-04 1.196e-02) (0.000e+00 0.000e+00 0.000e+00))
23        	((3.555e+00 -5.053e+00 5.849e+00) (7.206e-02 -1.621e-02 2.021e-02) (0.000e+00 0.000e+00 0.000e+00)) ((-5.146e-01 -2.842e+00 -5.219e+00) (-3.463e-03 1.107e-03 1.140e-02) (0.000e+00 0.000e+00 0.000e+00))
24        	((3.475e+00 -5.458e+00 5.811e+00) (7.196e-02 -1.737e-02 1.981e-02) (0.000e+00 0.000e+00 0.000e+00)) ((-4.702e-01 -2.863e+00 -5.384e+00) (-3.092e-03 1.612e-03 1.078e-02) (0.000e+00 0.000e+00 0.000e+00))
25        	((3.414e+00 -5.848e+00 5.900e+00) (7.218e-02 -1.884e-02 1.963e-02) (0.000e+00 0.000e+00 0.000e+00)) ((-4.350e-01 -2.935e+00 -5.532e+00) (-2.719e-03 2.098e-03 1.008e-02) (0.000e+00 0.000e+00 0.000e+00))
26        	((3.395e+00 -6.183e+00 6.063e+00) (7.261e-02 -2.056e-02 1.975e-02) (0.000e+00 0.000e+00 0.000e+00)) ((-4.059e-01 -3.025e+00 -5.652e+00) (-2.380e-03 2.495e-03 9.317e-03) (0.000e+00 0.000e+00 0.000e+00))
27        	((3.427e+00 -6.376e+00 6.222e+00) (7.322e-02 -2.242e-02 2.008e-02) (0.000e+00 0.000e+00 0.000e+00)) ((-3.799e-01 -3.084e+00 -5.727e+00) (-2.062e-03 2.814e-03 8.545e-03) (0.000e+00 0.000e+00 0.000e+00))
28        	((3.508e+00 -6.434e+00 6.288e+00) (7.382e-02 -2.431e-02 2.058e-02) (0.000e+00 0.000e+00 0.000e+00)) ((-3.551e-01 -3.076e+00 -5.752e+00) (-1.792e-03 2.992e-03 7.766e-03) (0.000e+00 0.000e+00 0.000e+00))
29        	((3.609e+00 -6.478e+00 6.292e+00) (7.440e-02 -2.607e-02 2.091e-02) (0.000e+00 0.000e+00 0.000e+00)) ((-3.401e-01 -3.043e+00 -5.747e+00) (-1.521e-03 3.144e-03 7.035e-03) (0.000e+00 0.000e+00 0.000e+00))
30        	((3.681e+00 -6.452e+00 6.130e+00) (7.485e-02 -2.773e-02 2.124e-02) (0.000e+00 0.000e+00 0.000e+00)) ((-3.300e-01 -2.975e+00 -5.651e+00) (-1.298e-03 3.204e-03 6.345e-03) (0.000e+00 0.000e+00 0.000e+00))
31        	((3.718e+00 -6.421e+00 6.037e+00) (7.536e-02 -2.936e-02 2.182e-02) (0.000e+00 0.000e+00 0.000e+00)) ((-3.429e-01 -2.987e+00 -5.540e+00) (-1.164e-03 3.059e-03 5.666e-03) (0.000e+00 0.000e+00 0.000e+00))
32        	((3.747e+00 -6.298e+00 6.009e+00) (7.580e-02 -3.094e-02 2.268e-02) (0.000e+00 0.000e+00 0.000e+00)) ((-3.754e-01 -3.037e+00 -5.388e+00) (-1.129e-03 2.697e-03 4.970e-03) (0.000e+00 0.000e+00 0.000e+00))
33        	((3.774e+00 -6.159e+00 6.072e+00) (7.590e-02 -3.252e-02 2.361e-02) (0.000e+00 0.000e+00 0.000e+00)) ((-4.203e-01 -3.111e+00 -5.233e+00) (-1.117e-03 2.236e-03 4.161e-03) (0.000e+00 0.000e+00 0.000e+00))
34        	((3.798e+00 -6.081e+00 6.173e+00) (7.589e-02 -3.396e-02 2.447e-02) (0.000e+00 0.000e+00 0.000e+00)) ((-4.577e-01 -3.163e+00 -5.136e+00) (-1.101e-03 1.797e-03 3.374e-03) (0.000e+00 0.000e+00 0.000e+00))
35        	((3.821e+00 -6.087e+00 6.210e+00) (7.599e-02 -3.523e-02 2.527e-02) (0.000e+00 0.000e+00 0.000e+00)) ((-4.639e-01 -3.119e+00 -5.134e+00) (-1.088e-03 1.448e-03 2.720e-03) (0.000e+00 0.000e+00 0.000e+00))
36        	((3.864e+00 -6.101e+00 6.152e+00) (7.668e-02 -3.658e-02 2.605e-02) (0.000e+00 0.000e+00 0.000e+00)) ((-4.443e-01 -2.982e+00 -5.182e+00) (-1.016e-03 1.265e-03 2.187e-03) (0.000e+00 0.000e+00 0.000e+00))
37        	((3.936e+00 -6.041e+00 6.074e+00) (7.742e-02 -3.836e-02 2.669e-02) (0.000e+00 0.000e+00 0.000e+00)) ((-4.260e-01 -2.826e+00 -5.198e+00) (-7.974e-04 1.277e-03 1.389e-03) (0.000e+00 0.000e+00 0.000e+00))
38        	((4.006e+00 -5.959e+00 6.025e+00) (7.805e-02 -4.055e-02 2.753e-02) (0.000e+00 0.000e+00 0.000e+00)) ((-4.144e-01 -2.697e+00 -5.193e+00) (-5.479e-04 1.190e-03 2.785e-04) (0.000e+00 0.000e+00 0.000e+00))
39        	((4.056e+00 -5.921e+00 6.012e+00) (7.899e-02 -4.287e-02 2.867e-02) (0.000e+00 0.000e+00 0.000e+00)) ((-4.067e-01 -2.622e+00 -5.199e+00) (-3.573e-04 1.021e-03 -8.079e-04) (0.000e+00 0.000e+00 0.000e+00))
40        	((4.082e+00 -5.907e+00 6.080e+00) (8.017e-02 -4.516e-02 2.997e-02) (0.000e+00 0.000e+00 0.000e+00)) ((-4.123e-01 -2.635e+00 -5.208e+00) (-2.223e-04 8.130e-04 -1.805e-03) (0.000e+00 0.000e+00 0.000e+00))
41        	((4.095e+00 -5.868e+00 6.256e+00) (8.153e-02 -4.739e-02 3.132e-02) (0.000e+00 0.000e+00 0.000e+00)) ((-4.397e-01 -2.733e+00 -5.187e+00) (-1.203e-04 6.003e-04 -2.734e-03) (0.000e+00 0.000e+00 0.000e+00))
42        	((4.115e+00 -5.804e+00 6.475e+00) (8.309e-02 -4.958e-02 3.261e-02) (0.000e+00 0.000e+00 0.000e+00)) ((-4.767e-01 -2.845e+00 -5.130e+00) (-1.434e-05 4.623e-04 -3.630e-03) (0.000e+00 0.000e+00 0.000e+00))
43        	((4.148e+00 -5.767e+00 6.647e+00) (8.482e-02 -5.187e-02 3.385e-02) (0.000e+00 0.000e+00 0.000e+00)) ((-5.061e-01 -2.910e+00 -5.056e+00) (1.364e-04 4.258e-04 -4.565e-03) (0.000e+00 0.000e+00 0.000e+00))
44        	((4.191e+00 -5.783e+00 6.722e+00) (8.665e-02 -5.439e-02 3.500e-02) (0.000e+00 0.000e+00 0.000e+00)) ((-5.180e-01 -2.899e+00 -4.983e+00) (3.668e-04 4.828e-04 -5.607e-03) (0.000e+00 0.000e+00 0.000e+00))
45        	((4.233e+00 -5.887e+00 6.664e+00) (8.854e-02 -5.751e-02 3.604e-02) (0.000e+00 0.000e+00 0.000e+00)) ((-5.076e-01 -2.813e+00 -4.934e+00) (7.623e-04 6.288e-04 -6.976e-03) (0.000e+00 0.000e+00 0.000e+00))
46        	((4.266e+00 -6.040e+00 6.532e+00) (9.066e-02 -6.172e-02 3.707e-02) (0.000e+00 0.000e+00 0.000e+00)) ((-4.849e-01 -2.698e+00 -4.924e+00) (1.407e-03 8.203e-04 -8.971e-03) (0.000e+00 0.000e+00 0.000e+00))
47        	((4.286e+00 -6.247e+00 6.301e+00) (9.306e-02 -6.741e-02 3.810e-02) (0.000e+00 0.000e+00 0.000e+00)) ((-4.498e-01 -2.552e+00 -4.941e+00) (2.387e-03 1.023e-03 -1.193e-02) (0.000e+00 0.000e+00 0.000e+00))
48        	((4.293e+00 -6.444e+00 6.046e+00) (9.499e-02 -7.252e-02 3.910e-02) (0.000e+00 0.000e+00 0.000e+00)) ((-4.154e-01 -2.421e+00 -4.971e+00) (3.230e-03 1.085e-03 -1.458e-02) (0.000e+00 0.000e+00 0.000e+00))
49        	((4.288e+00 -6.625e+00 5.831e+00) (9.633e-02 -7.572e-02 4.003e-02) (0.000e+00 0.000e+00 0.000e+00)) ((-3.882e-01 -2.329e+00 -5.004e+00) (3.659e-03 1.075e-03 -1.601e-02) (0.000e+00 0.000e+00 0.000e+00))
50        	((4.275e+00 -6.788e+00 5.691e+00) (9.737e-02 -7.729e-02 4.069e-02) (0.000e+00 0.000e+00 0.000e+00)) ((-3.690e-01 -2.272e+00 -5.029e+00) (3.808e-03 1.231e-03 -1.636e-02) (0.000e+00 0.000e+00 0.000e+00))
51        	((4.257e+00 -6.940e+00 5.632e+00) (9.837e-02 -7.823e-02 4.133e-02) (0.000e+00 0.000e+00 0.000e+00)) ((-3.551e-01 -2.239e+00 -5.049e+00) (3.838e-03 1.441e-03 -1.628e-02) (0.000e+00 0.000e+00 0.000e+00))
52        	((4.238e+00 -7.076e+00 5.641e+00) (9.943e-02 -7.906e-02 4.198e-02) (0.000e+00 0.000e+00 0.000e+00)) ((-3.451e-01 -2.219e+00 -5.074e+00) (3.847e-03 1.684e-03 -1.610e-02) (0.000e+00 0.000e+00 0.000e+00))
53        	((4.220e+00 -7.183e+00 5.710e+00) (1.006e-01 -8.003e-02 4.268e-02) (0.000e+00 0.000e+00 0.000e+00)) ((-3.398e-01 -2.212e+00 -5.112e+00) (3.883e-03 1.953e-03 -1.598e-02) (0.000e+00 0.000e+00 0.000e+00))
54        	((4.204e+00 -7.250e+00 5.838e+00) (1.019e-01 -8.123e-02 4.338e-02) (0.000e+00 0.000e+00 0.000e+00)) ((-3.409e-01 -2.222e+00 -5.159e+00) (3.983e-03 2.259e-03 -1.602e-02) (0.000e+00 0.000e+00 0.000e+00))
55        	((4.193e+00 -7.273e+00 6.005e+00) (1.033e-01 -8.269e-02 4.414e-02) (0.000e+00 0.000e+00 0.000e+00)) ((-3.463e-01 -2.237e+00 -5.210e+00) (4.146e-03 2.585e-03 -1.626e-02) (0.000e+00 0.000e+00 0.000e+00))
56        	((4.197e+00 -7.200e+00 6.268e+00) (1.048e-01 -8.436e-02 4.510e-02) (0.000e+00 0.000e+00 0.000e+00)) ((-3.585e-01 -2.234e+00 -5.265e+00) (4.313e-03 2.848e-03 -1.664e-02) (0.000e+00 0.000e+00 0.000e+00))
57        	((4.197e+00 -7.173e+00 6.414e+00) (1.063e-01 -8.609e-02 4.630e-02) (0.000e+00 0.000e+00 0.000e+00)) ((-3.575e-01 -2.208e+00 -5.325e+00) (4.430e-03 2.955e-03 -1.710e-02) (0.000e+00 0.000e+00 0.000e+00))
58        	((4.208e+00 -7.119e+00 6.543e+00) (1.076e-01 -8.773e-02 4.772e-02) (0.000e+00 0.000e+00 0.000e+00)) ((-3.544e-01 -2.162e+00 -5.387e+00) (4.460e-03 2.843e-03 -1.759e-02) (0.000e+00 0.000e+00 0.000e+00))
59        	((4.227e+00 -7.052e+00 6.669e+00) (1.087e-01 -8.914e-02 4.928e-02) (0.000e+00 0.000e+00 0.000e+00)) ((-3.553e-01 -2.128e+00 -5.443e+00) (4.382e-03 2.521e-03 -1.800e-02) (0.000e+00 0.000e+00 0.000e+00))
60        	((4.254e+00 -6.965e+00 6.809e+00) (1.096e-01 -9.030e-02 5.088e-02) (0.000e+00 0.000e+00 0.000e+00)) ((-3.649e-01 -2.121e+00 -5.482e+00) (4.232e-03 2.080e-03 -1.835e-02) (0.000e+00 0.000e+00 0.000e+00))
61        	((4.287e+00 -6.853e+00 6.954e+00) (1.105e-01 -9.131e-02 5.246e-02) (0.000e+00 0.000e+00 0.000e+00)) ((-3.824e-01 -2.131e+00 -5.494e+00) (4.057e-03 1.603e-03 -1.865e-02) (0.000e+00 0.000e+00 0.000e+00))
62        	((4.318e+00 -6.743e+00 7.055e+00) (1.114e-01 -9.230e-02 5.409e-02) (0.000e+00 0.000e+00 0.000e+00)) ((-3.998e-01 -2.130e+00 -5.477e+00) (3.867e-03 1.112e-03 -1.893e-02) (0.000e+00 0.000e+00 0.000e+00))
63        	((4.347e+00 -6.653e+00 7.086e+00) (1.123e-01 -9.321e-02 5.586e-02) (0.000e+00 0.000e+00 0.000e+00)) ((-4.119e-01 -2.099e+00 -5.447e+00) (3.611e-03 5.396e-04 -1.913e-02) (0.000e+00 0.000e+00 0.000e+00))
64        	((4.377e+00 -6.578e+00 7.057e+00) (1.132e-01 -9.385e-02 5.766e-02) (0.000e+00 0.000e+00 0.000e+00)) ((-4.205e-01 -2.049e+00 -5.413e+00) (3.244e-03 -1.387e-04 -1.914e-02) (0.000e+00 0.000e+00 0.000e+00))
65        	((4.412e+00 -6.519e+00 7.007e+00) (1.139e-01 -9.414e-02 5.930e-02) (0.000e+00 0.000e+00 0.000e+00)) ((-4.310e-01 -2.012e+00 -5.379e+00) (2.813e-03 -8.436e-04 -1.897e-02) (0.000e+00 0.000e+00 0.000e+00))
66        	((4.448e+00 -6.465e+00 6.969e+00) (1.146e-01 -9.429e-02 6.061e-02) (0.000e+00 0.000e+00 0.000e+00)) ((-4.481e-01 -2.009e+00 -5.329e+00) (2.433e-03 -1.400e-03 -1.877e-02) (0.000e+00 0.000e+00 0.000e+00))
67        	((4.480e+00 -6.422e+00 6.926e+00) (1.156e-01 -9.456e-02 6.165e-02) (0.000e+00 0.000e+00 0.000e+00)) ((-4.659e-01 -2.018e+00 -5.256e+00) (2.186e-03 -1.707e-03 -1.865e-02) (0.000e+00 0.000e+00 0.000e+00))
68        	((4.501e+00 -6.416e+00 6.831e+00) (1.170e-01 -9.509e-02 6.260e-02) (0.000e+00 0.000e+00 0.000e+00)) ((-4.731e-01 -1.999e+00 -5.173e+00) (2.036e-03 -1.853e-03 -1.858e-02) (0.000e+00 0.000e+00 0.000e+00))
69        	((4.510e+00 -6.459e+00 6.674e+00) (1.185e-01 -9.565e-02 6.352e-02) (0.000e+00 0.000e+00 0.000e+00)) ((-4.660e-01 -1.944e+00 -5.109e+00) (1.884e-03 -1.978e-03 -1.844e-02) (0.000e+00 0.000e+00 0.000e+00))
70        	((4.513e+00 -6.535e+00 6.507e+00) (1.197e-01 -9.597e-02 6.432e-02) (0.000e+00 0.000e+00 0.000e+00)) ((-4.522e-01 -1.884e+00 -5.080e+00) (1.677e-03 -2.148e-03 -1.815e-02) (0.000e+00 0.000e+00 0.000e+00))
71        	((4.517e+00 -6.615e+00 6.378e+00) (1.209e-01 -9.616e-02 6.471e-02) (0.000e+00 0.000e+00 0.000e+00)) ((-4.410e-01 -1.851e+00 -5.078e+00) (1.530e-03 -2.158e-03 -1.781e-02) (0.000e+00 0.000e+00 0.000e+00))
72        	((4.522e+00 -6.670e+00 6.303e+00) (1.223e-01 -9.646e-02 6.460e-02) (0.000e+00 0.000e+00 0.000e+00)) ((-4.362e-01 -1.852e+00 -5.078e+00) (1.567e-03 -1.842e-03 -1.761e-02) (0.000e+00 0.000e+00 0.000e+00))
73        	((4.532e+00 -6.683e+00 6.262e+00) (1.242e-01 -9.705e-02 6.417e-02) (0.000e+00 0.000e+00 0.000e+00)) ((-4.336e-01 -1.855e+00 -5.060e+00) (1.796e-03 -1.210e-03 -1.760e-02) (0.000e+00 0.000e+00 0.000e+00))
74        	((4.539e+00 -6.676e+00 6.211e+00) (1.262e-01 -9.777e-02 6.386e-02) (0.000e+00 0.000e+00 0.000e+00)) ((-4.245e-01 -1.828e+00 -5.034e+00) (2.054e-03 -5.447e-04 -1.765e-02) (0.000e+00 0.000e+00 0.000e+00))
75        	((4.534e+00 -6.690e+00 6.130e+00) (1.282e-01 -9.826e-02 6.394e-02) (0.000e+00 0.000e+00 0.000e+00)) ((-4.062e-01 -1.768e+00 -5.024e+00) (2.144e-03 -1.262e-04 -1.750e-02) (0.000e+00 0.000e+00 0.000e+00))
76        	((4.521e+00 -6.711e+00 6.056e+00) (1.296e-01 -9.824e-02 6.440e-02) (0.000e+00 0.000e+00 0.000e+00)) ((-3.878e-01 -1.712e+00 -5.041e+00) (1.990e-03 -6.733e-05 -1.705e-02) (0.000e+00 0.000e+00 0.000e+00))
77        	((4.514e+00 -6.711e+00 6.041e+00) (1.306e-01 -9.791e-02 6.489e-02) (0.000e+00 0.000e+00 0.000e+00)) ((-3.811e-01 -1.702e+00 -5.075e+00) (1.726e-03 -1.835e-04 -1.647e-02) (0.000e+00 0.000e+00 0.000e+00))
78        	((4.522e+00 -6.646e+00 6.104e+00) (1.314e-01 -9.771e-02 6.511e-02) (0.000e+00 0.000e+00 0.000e+00)) ((-3.927e-01 -1.753e+00 -5.093e+00) (1.560e-03 -2.221e-04 -1.613e-02) (0.000e+00 0.000e+00 0.000e+00))
79        	((4.554e+00 -6.501e+00 6.241e+00) (1.325e-01 -9.774e-02 6.501e-02) (0.000e+00 0.000e+00 0.000e+00)) ((-4.181e-01 -1.837e+00 -5.074e+00) (1.565e-03 -2.182e-05 -1.605e-02) (0.000e+00 0.000e+00 0.000e+00))
80        	((4.597e+00 -6.324e+00 6.375e+00) (1.339e-01 -9.796e-02 6.488e-02) (0.000e+00 0.000e+00 0.000e+00)) ((-4.399e-01 -1.885e+00 -5.021e+00) (1.666e-03 3.153e-04 -1.609e-02) (0.000e+00 0.000e+00 0.000e+00))
81        	((4.630e+00 -6.188e+00 6.441e+00) (1.352e-01 -9.826e-02 6.513e-02) (0.000e+00 0.000e+00 0.000e+00)) ((-4.445e-01 -1.866e+00 -4.976e+00) (1.694e-03 5.012e-04 -1.608e-02) (0.000e+00 0.000e+00 0.000e+00))
82        	((4.644e+00 -6.130e+00 6.437e+00) (1.362e-01 -9.848e-02 6.587e-02) (0.000e+00 0.000e+00 0.000e+00)) ((-4.334e-01 -1.799e+00 -4.978e+00) (1.547e-03 3.585e-04 -1.591e-02) (0.000e+00 0.000e+00 0.000e+00))
83        	((4.642e+00 -6.156e+00 6.428e+00) (1.366e-01 -9.850e-02 6.682e-02) (0.000e+00 0.000e+00 0.000e+00)) ((-4.216e-01 -1.759e+00 -5.026e+00) (1.246e-03 -7.386e-05 -1.559e-02) (0.000e+00 0.000e+00 0.000e+00))
84        	((4.644e+00 -6.189e+00 6.466e+00) (1.366e-01 -9.847e-02 6.740e-02) (0.000e+00 0.000e+00 0.000e+00)) ((-4.227e-01 -1.780e+00 -5.089e+00) (9.861e-04 -4.463e-04 -1.534e-02) (0.000e+00 0.000e+00 0.000e+00))
85        	((4.662e+00 -6.171e+00 6.569e+00) (1.368e-01 -9.858e-02 6.739e-02) (0.000e+00 0.000e+00 0.000e+00)) ((-4.418e-01 -1.859e+00 -5.119e+00) (9.357e-04 -4.852e-04 -1.534e-02) (0.000e+00 0.000e+00 0.000e+00))
86        	((4.687e+00 -6.133e+00 6.655e+00) (1.375e-01 -9.892e-02 6.705e-02) (0.000e+00 0.000e+00 0.000e+00)) ((-4.622e-01 -1.917e+00 -5.086e+00) (1.099e-03 -1.982e-04 -1.559e-02) (0.000e+00 0.000e+00 0.000e+00))
87        	((4.702e+00 -6.117e+00 6.640e+00) (1.385e-01 -9.950e-02 6.696e-02) (0.000e+00 0.000e+00 0.000e+00)) ((-4.647e-01 -1.891e+00 -5.019e+00) (1.294e-03 1.115e-04 -1.586e-02) (0.000e+00 0.000e+00 0.000e+00))
88        	((4.692e+00 -6.216e+00 6.481e+00) (1.394e-01 -1.000e-01 6.735e-02) (0.000e+00 0.000e+00 0.000e+00)) ((-4.390e-01 -1.772e+00 -4.979e+00) (1.333e-03 1.742e-04 -1.591e-02) (0.000e+00 0.000e+00 0.000e+00))
89        	((4.661e+00 -6.375e+00 6.282e+00) (1.397e-01 -1.002e-01 6.811e-02) (0.000e+00 0.000e+00 0.000e+00)) ((-4.058e-01 -1.652e+00 -5.000e+00) (1.118e-03 -1.820e-04 -1.561e-02) (0.000e+00 0.000e+00 0.000e+00))
90        	((4.631e+00 -6.535e+00 6.194e+00) (1.394e-01 -1.000e-01 6.868e-02) (0.000e+00 0.000e+00 0.000e+00)) ((-3.901e-01 -1.628e+00 -5.066e+00) (8.001e-04 -6.670e-04 -1.513e-02) (0.000e+00 0.000e+00 0.000e+00))
91        	((4.616e+00 -6.626e+00 6.185e+00) (1.393e-01 -9.986e-02 6.852e-02) (0.000e+00 0.000e+00 0.000e+00)) ((-3.962e-01 -1.683e+00 -5.116e+00) (7.082e-04 -7.811e-04 -1.490e-02) (0.000e+00 0.000e+00 0.000e+00))
92        	((4.625e+00 -6.596e+00 6.261e+00) (1.399e-01 -1.000e-01 6.792e-02) (0.000e+00 0.000e+00 0.000e+00)) ((-4.186e-01 -1.773e+00 -5.090e+00) (8.989e-04 -4.747e-04 -1.503e-02) (0.000e+00 0.000e+00 0.000e+00))
93        	((4.643e+00 -6.460e+00 6.281e+00) (1.411e-01 -1.004e-01 6.755e-02) (0.000e+00 0.000e+00 0.000e+00)) ((-4.295e-01 -1.768e+00 -4.994e+00) (1.185e-03 -5.391e-05 -1.533e-02) (0.000e+00 0.000e+00 0.000e+00))
94        	((4.649e+00 -6.362e+00 6.205e+00) (1.425e-01 -1.008e-01 6.785e-02) (0.000e+00 0.000e+00 0.000e+00)) ((-4.129e-01 -1.646e+00 -4.902e+00) (1.278e-03 9.014e-05 -1.539e-02) (0.000e+00 0.000e+00 0.000e+00))
95        	((4.637e+00 -6.317e+00 6.058e+00) (1.432e-01 -1.008e-01 6.880e-02) (0.000e+00 0.000e+00 0.000e+00)) ((-3.804e-01 -1.478e+00 -4.876e+00) (1.032e-03 -3.204e-04 -1.506e-02) (0.000e+00 0.000e+00 0.000e+00))
96        	((4.617e+00 -6.337e+00 6.045e+00) (1.431e-01 -1.003e-01 6.991e-02) (0.000e+00 0.000e+00 0.000e+00)) ((-3.676e-01 -1.442e+00 -4.917e+00) (5.465e-04 -1.116e-03 -1.445e-02) (0.000e+00 0.000e+00 0.000e+00))
97        	((4.611e+00 -6.281e+00 6.171e+00) (1.428e-01 -9.976e-02 7.035e-02) (0.000e+00 0.000e+00 0.000e+00)) ((-3.871e-01 -1.531e+00 -4.961e+00) (2.191e-04 -1.631e-03 -1.404e-02) (0.000e+00 0.000e+00 0.000e+00))
98        	((4.645e+00 -6.087e+00 6.389e+00) (1.432e-01 -9.948e-02 7.019e-02) (0.000e+00 0.000e+00 0.000e+00)) ((-4.309e-01 -1.684e+00 -4.934e+00) (1.967e-04 -1.657e-03 -1.403e-02) (0.000e+00 0.000e+00 0.000e+00))
99        	((4.698e+00 -5.817e+00 6.508e+00) (1.443e-01 -9.956e-02 7.003e-02) (0.000e+00 0.000e+00 0.000e+00)) ((-4.613e-01 -1.725e+00 -4.813e+00) (3.614e-04 -1.391e-03 -1.429e-02) (0.000e+00 0.000e+00 0.000e+00))
100       	((4.747e+00 -5.564e+00 6.470e+00) (1.457e-01 -9.973e-02 7.049e-02) (0.000e+00 0.000e+00 0.000e+00)) ((-4.603e-01 -1.610e+00 -4.681e+00) (3.893e-04 -1.312e-03 -1.440e-02) (0.000e+00 0.000e+00 0.000e+00))
101       	((4.776e+00 -5.421e+00 6.316e+00) (1.464e-01 -9.971e-02 7.167e-02) (0.000e+00 0.000e+00 0.000e+00)) ((-4.354e-01 -1.412e+00 -4.626e+00) (1.035e-04 -1.818e-03 -1.423e-02) (0.000e+00 0.000e+00 0.000e+00))
102       	((4.778e+00 -5.448e+00 6.269e+00) (1.460e-01 -9.933e-02 7.297e-02) (0.000e+00 0.000e+00 0.000e+00)) ((-4.231e-01 -1.345e+00 -4.675e+00) (-3.922e-04 -2.715e-03 -1.380e-02) (0.000e+00 0.000e+00 0.000e+00))
103       	((4.786e+00 -5.460e+00 6.391e+00) (1.453e-01 -9.901e-02 7.339e-02) (0.000e+00 0.000e+00 0.000e+00)) ((-4.420e-01 -1.426e+00 -4.767e+00) (-6.677e-04 -3.244e-03 -1.356e-02) (0.000e+00 0.000e+00 0.000e+00))
104       	((4.820e+00 -5.451e+00 6.628e+00) (1.453e-01 -9.895e-02 7.289e-02) (0.000e+00 0.000e+00 0.000e+00)) ((-4.828e-01 -1.598e+00 -4.823e+00) (-5.802e-04 -3.126e-03 -1.369e-02) (0.000e+00 0.000e+00 0.000e+00))
105       	((4.861e+00 -5.443e+00 6.726e+00) (1.461e-01 -9.922e-02 7.215e-02) (0.000e+00 0.000e+00 0.000e+00)) ((-5.057e-01 -1.663e+00 -4.793e+00) (-2.633e-04 -2.602e-03 -1.402e-02) (0.000e+00 0.000e+00 0.000e+00))
106       	((4.889e+00 -5.481e+00 6.665e+00) (1.472e-01 -9.963e-02 7.177e-02) (0.000e+00 0.000e+00 0.000e+00)) ((-4.986e-01 -1.600e+00 -4.734e+00) (1.425e-05 -2.123e-03 -1.432e-02) (0.000e+00 0.000e+00 0.000e+00))
107       	((4.896e+00 -5.618e+00 6.476e+00) (1.477e-01 -9.981e-02 7.190e-02) (0.000e+00 0.000e+00 0.000e+00)) ((-4.659e-01 -1.466e+00 -4.724e+00) (4.356e-05 -2.057e-03 -1.430e-02) (0.000e+00 0.000e+00 0.000e+00))
108       	((4.884e+00 -5.830e+00 6.341e+00) (1.473e-01 -9.966e-02 7.209e-02) (0.000e+00 0.000e+00 0.000e+00)) ((-4.376e-01 -1.403e+00 -4.799e+00) (-9.603e-05 -2.286e-03 -1.403e-02) (0.000e+00 0.000e+00 0.000e+00))
109       	((4.862e+00 -6.087e+00 6.314e+00) (1.466e-01 -9.963e-02 7.166e-02) (0.000e+00 0.000e+00 0.000e+00)) ((-4.282e-01 -1.463e+00 -4.914e+00) (-7.254e-05 -2.292e-03 -1.393e-02) (0.000e+00 0.000e+00 0.000e+00))
110       	((4.844e+00 -6.303e+00 6.377e+00) (1.465e-01 -9.996e-02 7.054e-02) (0.000e+00 0.000e+00 0.000e+00)) ((-4.371e-01 -1.607e+00 -4.987e+00) (2.748e-04 -1.774e-03 -1.420e-02) (0.000e+00 0.000e+00 0.000e+00))
111       	((4.833e+00 -6.373e+00 6.387e+00) (1.472e-01 -1.007e-01 6.945e-02) (0.000e+00 0.000e+00 0.000e+00)) ((-4.431e-01 -1.672e+00 -4.982e+00) (7.801e-04 -1.008e-03 -1.471e-02) (0.000e+00 0.000e+00 0.000e+00))
112       	((4.810e+00 -6.414e+00 6.271e+00) (1.483e-01 -1.013e-01 6.884e-02) (0.000e+00 0.000e+00 0.000e+00)) ((-4.275e-01 -1.628e+00 -4.943e+00) (1.177e-03 -3.562e-04 -1.509e-02) (0.000e+00 0.000e+00 0.000e+00))
113       	((4.762e+00 -6.537e+00 6.019e+00) (1.488e-01 -1.016e-01 6.886e-02) (0.000e+00 0.000e+00 0.000e+00)) ((-3.862e-01 -1.501e+00 -4.935e+00) (1.281e-03 -1.677e-04 -1.515e-02) (0.000e+00 0.000e+00 0.000e+00))
114       	((4.713e+00 -6.670e+00 5.849e+00) (1.483e-01 -1.015e-01 6.910e-02) (0.000e+00 0.000e+00 0.000e+00)) ((-3.517e-01 -1.420e+00 -4.987e+00) (1.157e-03 -3.744e-04 -1.494e-02) (0.000e+00 0.000e+00 0.000e+00))
115       	((4.670e+00 -6.796e+00 5.823e+00) (1.475e-01 -1.014e-01 6.896e-02) (0.000e+00 0.000e+00 0.000e+00)) ((-3.376e-01 -1.444e+00 -5.070e+00) (1.092e-03 -5.412e-04 -1.484e-02) (0.000e+00 0.000e+00 0.000e+00))
116       	((4.644e+00 -6.846e+00 5.898e+00) (1.470e-01 -1.017e-01 6.821e-02) (0.000e+00 0.000e+00 0.000e+00)) ((-3.452e-01 -1.553e+00 -5.119e+00) (1.321e-03 -3.022e-04 -1.515e-02) (0.000e+00 0.000e+00 0.000e+00))
117       	((4.641e+00 -6.780e+00 6.014e+00) (1.471e-01 -1.024e-01 6.735e-02) (0.000e+00 0.000e+00 0.000e+00)) ((-3.601e-01 -1.644e+00 -5.101e+00) (1.739e-03 2.171e-04 -1.575e-02) (0.000e+00 0.000e+00 0.000e+00))
118       	((4.641e+00 -6.663e+00 6.041e+00) (1.478e-01 -1.029e-01 6.708e-02) (0.000e+00 0.000e+00 0.000e+00)) ((-3.577e-01 -1.620e+00 -5.037e+00) (2.042e-03 6.259e-04 -1.623e-02) (0.000e+00 0.000e+00 0.000e+00))
119       	((4.628e+00 -6.567e+00 5.981e+00) (1.481e-01 -1.032e-01 6.767e-02) (0.000e+00 0.000e+00 0.000e+00)) ((-3.337e-01 -1.492e+00 -5.004e+00) (2.023e-03 5.587e-04 -1.636e-02) (0.000e+00 0.000e+00 0.000e+00))
120       	((4.604e+00 -6.541e+00 5.941e+00) (1.476e-01 -1.030e-01 6.890e-02) (0.000e+00 0.000e+00 0.000e+00)) ((-3.090e-01 -1.384e+00 -5.054e+00) (1.652e-03 -1.151e-04 -1.613e-02) (0.000e+00 0.000e+00 0.000e+00))
121       	((4.584e+00 -6.539e+00 6.054e+00) (1.465e-01 -1.027e-01 7.001e-02) (0.000e+00 0.000e+00 0.000e+00)) ((-3.089e-01 -1.404e+00 -5.155e+00) (1.205e-03 -9.806e-04 -1.589e-02) (0.000e+00 0.000e+00 0.000e+00))
122       	((4.602e+00 -6.384e+00 6.349e+00) (1.456e-01 -1.027e-01 7.038e-02) (0.000e+00 0.000e+00 0.000e+00)) ((-3.460e-01 -1.528e+00 -5.239e+00) (1.010e-03 -1.432e-03 -1.596e-02) (0.000e+00 0.000e+00 0.000e+00))
123       	((4.657e+00 -6.164e+00 6.688e+00) (1.455e-01 -1.028e-01 7.026e-02) (0.000e+00 0.000e+00 0.000e+00)) ((-3.977e-01 -1.674e+00 -5.230e+00) (1.070e-03 -1.425e-03 -1.632e-02) (0.000e+00 0.000e+00 0.000e+00))
124       	((4.717e+00 -5.935e+00 6.844e+00) (1.461e-01 -1.031e-01 7.034e-02) (0.000e+00 0.000e+00 0.000e+00)) ((-4.275e-01 -1.688e+00 -5.132e+00) (1.175e-03 -1.320e-03 -1.671e-02) (0.000e+00 0.000e+00 0.000e+00))
125       	((4.768e+00 -5.781e+00 6.865e+00) (1.467e-01 -1.031e-01 7.112e-02) (0.000e+00 0.000e+00 0.000e+00)) ((-4.286e-01 -1.563e+00 -5.034e+00) (1.021e-03 -1.534e-03 -1.669e-02) (0.000e+00 0.000e+00 0.000e+00))
126       	((4.782e+00 -5.791e+00 6.727e+00) (1.467e-01 -1.027e-01 7.250e-02) (0.000e+00 0.000e+00 0.000e+00)) ((-4.053e-01 -1.394e+00 -5.003e+00) (5.349e-04 -2.306e-03 -1.622e-02) (0.000e+00 0.000e+00 0.000e+00))
127       	((4.767e+00 -5.942e+00 6.654e+00) (1.458e-01 -1.021e-01 7.388e-02) (0.000e+00 0.000e+00 0.000e+00)) ((-3.924e-01 -1.356e+00 -5.062e+00) (-6.893e-05 -3.380e-03 -1.565e-02) (0.000e+00 0.000e+00 0.000e+00))
128       	((4.756e+00 -6.085e+00 6.657e+00) (1.449e-01 -1.018e-01 7.420e-02) (0.000e+00 0.000e+00 0.000e+00)) ((-4.008e-01 -1.432e+00 -5.154e+00) (-3.519e-04 -3.953e-03 -1.539e-02) (0.000e+00 0.000e+00 0.000e+00))
129       	((4.769e+00 -6.163e+00 6.730e+00) (1.446e-01 -1.019e-01 7.362e-02) (0.000e+00 0.000e+00 0.000e+00)) ((-4.261e-01 -1.574e+00 -5.189e+00) (-2.336e-04 -3.874e-03 -1.560e-02) (0.000e+00 0.000e+00 0.000e+00))
130       	((4.789e+00 -6.156e+00 6.702e+00) (1.451e-01 -1.024e-01 7.286e-02) (0.000e+00 0.000e+00 0.000e+00)) ((-4.386e-01 -1.608e+00 -5.128e+00) (1.389e-04 -3.372e-03 -1.609e-02) (0.000e+00 0.000e+00 0.000e+00))
131       	((4.793e+00 -6.200e+00 6.514e+00) (1.463e-01 -1.028e-01 7.251e-02) (0.000e+00 0.000e+00 0.000e+00)) ((-4.199e-01 -1.522e+00 -5.033e+00) (4.067e-04 -2.900e-03 -1.636e-02) (0.000e+00 0.000e+00 0.000e+00))
132       	((4.782e+00 -6.289e+00 6.289e+00) (1.470e-01 -1.027e-01 7.277e-02) (0.000e+00 0.000e+00 0.000e+00)) ((-3.848e-01 -1.388e+00 -4.986e+00) (3.350e-04 -2.882e-03 -1.611e-02) (0.000e+00 0.000e+00 0.000e+00))
133       	((4.745e+00 -6.550e+00 6.044e+00) (1.467e-01 -1.023e-01 7.320e-02) (0.000e+00 0.000e+00 0.000e+00)) ((-3.394e-01 -1.292e+00 -5.015e+00) (7.210e-05 -3.276e-03 -1.567e-02) (0.000e+00 0.000e+00 0.000e+00))
134       	((4.717e+00 -6.726e+00 6.062e+00) (1.462e-01 -1.021e-01 7.309e-02) (0.000e+00 0.000e+00 0.000e+00)) ((-3.337e-01 -1.372e+00 -5.099e+00) (-4.053e-05 -3.511e-03 -1.542e-02) (0.000e+00 0.000e+00 0.000e+00))
135       	((4.703e+00 -6.866e+00 6.194e+00) (1.461e-01 -1.021e-01 7.233e-02) (0.000e+00 0.000e+00 0.000e+00)) ((-3.510e-01 -1.554e+00 -5.152e+00) (1.493e-04 -3.282e-03 -1.554e-02) (0.000e+00 0.000e+00 0.000e+00))
136       	((4.707e+00 -6.847e+00 6.289e+00) (1.467e-01 -1.026e-01 7.144e-02) (0.000e+00 0.000e+00 0.000e+00)) ((-3.681e-01 -1.659e+00 -5.126e+00) (5.434e-04 -2.718e-03 -1.594e-02) (0.000e+00 0.000e+00 0.000e+00))
137       	((4.707e+00 -6.765e+00 6.253e+00) (1.478e-01 -1.031e-01 7.094e-02) (0.000e+00 0.000e+00 0.000e+00)) ((-3.616e-01 -1.628e+00 -5.069e+00) (9.003e-04 -2.128e-03 -1.629e-02) (0.000e+00 0.000e+00 0.000e+00))
138       	((4.682e+00 -6.745e+00 6.105e+00) (1.487e-01 -1.033e-01 7.110e-02) (0.000e+00 0.000e+00 0.000e+00)) ((-3.275e-01 -1.497e+00 -5.055e+00) (9.799e-04 -1.920e-03 -1.629e-02) (0.000e+00 0.000e+00 0.000e+00))
139       	((4.647e+00 -6.742e+00 6.000e+00) (1.488e-01 -1.030e-01 7.183e-02) (0.000e+00 0.000e+00 0.000e+00)) ((-2.950e-01 -1.389e+00 -5.108e+00) (7.140e-04 -2.289e-03 -1.592e-02) (0.000e+00 0.000e+00 0.000e+00))
140       	((4.617e+00 -6.725e+00 6.078e+00) (1.483e-01 -1.026e-01 7.246e-02) (0.000e+00 0.000e+00 0.000e+00)) ((-2.927e-01 -1.416e+00 -5.197e+00) (3.699e-04 -2.874e-03 -1.556e-02) (0.000e+00 0.000e+00 0.000e+00))
141       	((4.624e+00 -6.541e+00 6.357e+00) (1.477e-01 -1.023e-01 7.246e-02) (0.000e+00 0.000e+00 0.000e+00)) ((-3.315e-01 -1.562e+00 -5.251e+00) (2.375e-04 -3.140e-03 -1.550e-02) (0.000e+00 0.000e+00 0.000e+00))
142       	((4.669e+00 -6.266e+00 6.687e+00) (1.476e-01 -1.022e-01 7.202e-02) (0.000e+00 0.000e+00 0.000e+00)) ((-3.871e-01 -1.728e+00 -5.211e+00) (3.414e-04 -2.990e-03 -1.571e-02) (0.000e+00 0.000e+00 0.000e+00))
143       	((4.726e+00 -5.978e+00 6.835e+00) (1.481e-01 -1.022e-01 7.166e-02) (0.000e+00 0.000e+00 0.000e+00)) ((-4.210e-01 -1.766e+00 -5.087e+00) (5.247e-04 -2.661e-03 -1.597e-02) (0.000e+00 0.000e+00 0.000e+00))
144       	((4.767e+00 -5.733e+00 6.797e+00) (1.487e-01 -1.021e-01 7.194e-02) (0.000e+00 0.000e+00 0.000e+00)) ((-4.217e-01 -1.664e+00 -4.961e+00) (4.981e-04 -2.572e-03 -1.590e-02) (0.000e+00 0.000e+00 0.000e+00))
145       	((4.772e+00 -5.639e+00 6.605e+00) (1.486e-01 -1.016e-01 7.306e-02) (0.000e+00 0.000e+00 0.000e+00)) ((-3.958e-01 -1.500e+00 -4.909e+00) (1.042e-04 -3.125e-03 -1.543e-02) (0.000e+00 0.000e+00 0.000e+00))
146       	((4.747e+00 -5.696e+00 6.507e+00) (1.477e-01 -1.009e-01 7.442e-02) (0.000e+00 0.000e+00 0.000e+00)) ((-3.821e-01 -1.459e+00 -4.946e+00) (-4.988e-04 -4.117e-03 -1.479e-02) (0.000e+00 0.000e+00 0.000e+00))
147       	((4.723e+00 -5.746e+00 6.523e+00) (1.465e-01 -1.004e-01 7.499e-02) (0.000e+00 0.000e+00 0.000e+00)) ((-3.956e-01 -1.549e+00 -5.003e+00) (-8.743e-04 -4.796e-03 -1.447e-02) (0.000e+00 0.000e+00 0.000e+00))
148       	((4.731e+00 -5.742e+00 6.665e+00) (1.458e-01 -1.001e-01 7.473e-02) (0.000e+00 0.000e+00 0.000e+00)) ((-4.352e-01 -1.730e+00 -5.013e+00) (-9.244e-04 -4.896e-03 -1.453e-02) (0.000e+00 0.000e+00 0.000e+00))
149       	((4.774e+00 -5.620e+00 6.762e+00) (1.462e-01 -1.001e-01 7.412e-02) (0.000e+00 0.000e+00 0.000e+00)) ((-4.711e-01 -1.818e+00 -4.930e+00) (-7.279e-04 -4.520e-03 -1.479e-02) (0.000e+00 0.000e+00 0.000e+00))
150       	((4.812e+00 -5.504e+00 6.701e+00) (1.473e-01 -1.002e-01 7.378e-02) (0.000e+00 0.000e+00 0.000e+00)) ((-4.770e-01 -1.754e+00 -4.805e+00) (-5.480e-04 -4.045e-03 -1.490e-02) (0.000e+00 0.000e+00 0.000e+00))
151       	((4.820e+00 -5.489e+00 6.500e+00) (1.481e-01 -1.002e-01 7.420e-02) (0.000e+00 0.000e+00 0.000e+00)) ((-4.524e-01 -1.597e+00 -4.726e+00) (-6.444e-04 -4.009e-03 -1.468e-02) (0.000e+00 0.000e+00 0.000e+00))
152       	((4.786e+00 -5.640e+00 6.199e+00) (1.478e-01 -1.001e-01 7.513e-02) (0.000e+00 0.000e+00 0.000e+00)) ((-4.084e-01 -1.417e+00 -4.733e+00) (-9.824e-04 -4.537e-03 -1.426e-02) (0.000e+00 0.000e+00 0.000e+00))
153       	((4.738e+00 -5.821e+00 6.124e+00) (1.467e-01 -1.000e-01 7.566e-02) (0.000e+00 0.000e+00 0.000e+00)) ((-3.947e-01 -1.425e+00 -4.819e+00) (-1.251e-03 -5.085e-03 -1.401e-02) (0.000e+00 0.000e+00 0.000e+00))
154       	((4.699e+00 -5.966e+00 6.164e+00) (1.457e-01 -1.003e-01 7.512e-02) (0.000e+00 0.000e+00 0.000e+00)) ((-4.009e-01 -1.527e+00 -4.914e+00) (-1.138e-03 -5.036e-03 -1.419e-02) (0.000e+00 0.000e+00 0.000e+00))
155       	((4.686e+00 -6.089e+00 6.292e+00) (1.455e-01 -1.008e-01 7.386e-02) (0.000e+00 0.000e+00 0.000e+00)) ((-4.192e-01 -1.693e+00 -4.965e+00) (-6.856e-04 -4.384e-03 -1.473e-02) (0.000e+00 0.000e+00 0.000e+00))
156       	((4.704e+00 -6.069e+00 6.292e+00) (1.462e-01 -1.014e-01 7.266e-02) (0.000e+00 0.000e+00 0.000e+00)) ((-4.163e-01 -1.676e+00 -4.914e+00) (-1.557e-04 -3.452e-03 -1.526e-02) (0.000e+00 0.000e+00 0.000e+00))
157       	((4.717e+00 -6.069e+00 6.159e+00) (1.472e-01 -1.016e-01 7.212e-02) (0.000e+00 0.000e+00 0.000e+00)) ((-3.869e-01 -1.545e+00 -4.838e+00) (1.275e-04 -2.755e-03 -1.538e-02) (0.000e+00 0.000e+00 0.000e+00))
158       	((4.706e+00 -6.142e+00 5.876e+00) (1.476e-01 -1.012e-01 7.253e-02) (0.000e+00 0.000e+00 0.000e+00)) ((-3.341e-01 -1.315e+00 -4.778e+00) (-2.247e-05 -2.765e-03 -1.497e-02) (0.000e+00 0.000e+00 0.000e+00))
159       	((4.681e+00 -6.219e+00 5.801e+00) (1.469e-01 -1.004e-01 7.343e-02) (0.000e+00 0.000e+00 0.000e+00)) ((-3.139e-01 -1.260e+00 -4.795e+00) (-4.908e-04 -3.394e-03 -1.421e-02) (0.000e+00 0.000e+00 0.000e+00))
160       	((4.653e+00 -6.258e+00 5.903e+00) (1.458e-01 -9.972e-02 7.372e-02) (0.000e+00 0.000e+00 0.000e+00)) ((-3.262e-01 -1.337e+00 -4.850e+00) (-8.062e-04 -3.856e-03 -1.366e-02) (0.000e+00 0.000e+00 0.000e+00))
161       	((4.651e+00 -6.220e+00 6.103e+00) (1.453e-01 -9.938e-02 7.309e-02) (0.000e+00 0.000e+00 0.000e+00)) ((-3.593e-01 -1.484e+00 -4.878e+00) (-7.543e-04 -3.685e-03 -1.354e-02) (0.000e+00 0.000e+00 0.000e+00))
162       	((4.692e+00 -6.036e+00 6.417e+00) (1.457e-01 -9.933e-02 7.214e-02) (0.000e+00 0.000e+00 0.000e+00)) ((-4.064e-01 -1.637e+00 -4.848e+00) (-4.513e-04 -3.056e-03 -1.372e-02) (0.000e+00 0.000e+00 0.000e+00))
163       	((4.736e+00 -5.848e+00 6.489e+00) (1.467e-01 -9.942e-02 7.151e-02) (0.000e+00 0.000e+00 0.000e+00)) ((-4.149e-01 -1.585e+00 -4.761e+00) (-1.423e-04 -2.351e-03 -1.389e-02) (0.000e+00 0.000e+00 0.000e+00))
164       	((4.759e+00 -5.754e+00 6.419e+00) (1.476e-01 -9.948e-02 7.166e-02) (0.000e+00 0.000e+00 0.000e+00)) ((-3.926e-01 -1.430e+00 -4.706e+00) (-6.812e-05 -2.052e-03 -1.386e-02) (0.000e+00 0.000e+00 0.000e+00))
165       	((4.771e+00 -5.690e+00 6.333e+00) (1.475e-01 -9.942e-02 7.253e-02) (0.000e+00 0.000e+00 0.000e+00)) ((-3.625e-01 -1.233e+00 -4.725e+00) (-2.988e-04 -2.402e-03 -1.363e-02) (0.000e+00 0.000e+00 0.000e+00))
166       	((4.758e+00 -5.802e+00 6.397e+00) (1.466e-01 -9.926e-02 7.331e-02) (0.000e+00 0.000e+00 0.000e+00)) ((-3.584e-01 -1.252e+00 -4.816e+00) (-6.069e-04 -3.014e-03 -1.341e-02) (0.000e+00 0.000e+00 0.000e+00))
167       	((4.756e+00 -5.859e+00 6.559e+00) (1.457e-01 -9.922e-02 7.314e-02) (0.000e+00 0.000e+00 0.000e+00)) ((-3.792e-01 -1.367e+00 -4.902e+00) (-6.370e-04 -3.155e-03 -1.345e-02) (0.000e+00 0.000e+00 0.000e+00))
168       	((4.787e+00 -5.794e+00 6.790e+00) (1.455e-01 -9.937e-02 7.231e-02) (0.000e+00 0.000e+00 0.000e+00)) ((-4.178e-01 -1.517e+00 -4.932e+00) (-3.733e-04 -2.732e-03 -1.374e-02) (0.000e+00 0.000e+00 0.000e+00))
169       	((4.830e+00 -5.672e+00 6.964e+00) (1.460e-01 -9.959e-02 7.161e-02) (0.000e+00 0.000e+00 0.000e+00)) ((-4.475e-01 -1.582e+00 -4.891e+00) (-4.550e-05 -2.128e-03 -1.405e-02) (0.000e+00 0.000e+00 0.000e+00))
170       	((4.859e+00 -5.592e+00 6.912e+00) (1.467e-01 -9.975e-02 7.147e-02) (0.000e+00 0.000e+00 0.000e+00)) ((-4.399e-01 -1.471e+00 -4.835e+00) (1.297e-04 -1.717e-03 -1.417e-02) (0.000e+00 0.000e+00 0.000e+00))
171       	((4.862e+00 -5.646e+00 6.785e+00) (1.469e-01 -9.964e-02 7.197e-02) (0.000e+00 0.000e+00 0.000e+00)) ((-4.176e-01 -1.354e+00 -4.838e+00) (1.133e-06 -1.849e-03 -1.398e-02) (0.000e+00 0.000e+00 0.000e+00))
172       	((4.861e+00 -5.720e+00 6.684e+00) (1.462e-01 -9.932e-02 7.252e-02) (0.000e+00 0.000e+00 0.000e+00)) ((-4.016e-01 -1.274e+00 -4.905e+00) (-2.719e-04 -2.292e-03 -1.366e-02) (0.000e+00 0.000e+00 0.000e+00))
173       	((4.861e+00 -5.802e+00 6.768e+00) (1.454e-01 -9.908e-02 7.240e-02) (0.000e+00 0.000e+00 0.000e+00)) ((-4.177e-01 -1.364e+00 -4.986e+00) (-3.661e-04 -2.481e-03 -1.353e-02) (0.000e+00 0.000e+00 0.000e+00))
174       	((4.877e+00 -5.820e+00 6.955e+00) (1.452e-01 -9.909e-02 7.168e-02) (0.000e+00 0.000e+00 0.000e+00)) ((-4.553e-01 -1.538e+00 -5.009e+00) (-1.894e-04 -2.208e-03 -1.368e-02) (0.000e+00 0.000e+00 0.000e+00))
175       	((4.896e+00 -5.770e+00 7.029e+00) (1.458e-01 -9.937e-02 7.098e-02) (0.000e+00 0.000e+00 0.000e+00)) ((-4.805e-01 -1.615e+00 -4.945e+00) (1.187e-04 -1.708e-03 -1.397e-02) (0.000e+00 0.000e+00 0.000e+00))
176       	((4.899e+00 -5.748e+00 6.930e+00) (1.466e-01 -9.966e-02 7.070e-02) (0.000e+00 0.000e+00 0.000e+00)) ((-4.746e-01 -1.566e+00 -4.862e+00) (3.402e-04 -1.273e-03 -1.412e-02) (0.000e+00 0.000e+00 0.000e+00))
177       	((4.874e+00 -5.846e+00 6.651e+00) (1.470e-01 -9.977e-02 7.093e-02) (0.000e+00 0.000e+00 0.000e+00)) ((-4.364e-01 -1.428e+00 -4.829e+00) (3.350e-04 -1.225e-03 -1.404e-02) (0.000e+00 0.000e+00 0.000e+00))
178       	((4.843e+00 -5.963e+00 6.446e+00) (1.466e-01 -9.960e-02 7.120e-02) (0.000e+00 0.000e+00 0.000e+00)) ((-4.060e-01 -1.353e+00 -4.867e+00) (1.879e-04 -1.432e-03 -1.377e-02) (0.000e+00 0.000e+00 0.000e+00))
179       	((4.816e+00 -6.056e+00 6.403e+00) (1.459e-01 -9.953e-02 7.096e-02) (0.000e+00 0.000e+00 0.000e+00)) ((-4.022e-01 -1.404e+00 -4.931e+00) (1.658e-04 -1.518e-03 -1.371e-02) (0.000e+00 0.000e+00 0.000e+00))
180       	((4.805e+00 -6.106e+00 6.477e+00) (1.456e-01 -9.981e-02 7.007e-02) (0.000e+00 0.000e+00 0.000e+00)) ((-4.198e-01 -1.543e+00 -4.966e+00) (4.383e-04 -1.165e-03 -1.403e-02) (0.000e+00 0.000e+00 0.000e+00))
181       	((4.812e+00 -6.060e+00 6.571e+00) (1.460e-01 -1.004e-01 6.911e-02) (0.000e+00 0.000e+00 0.000e+00)) ((-4.388e-01 -1.633e+00 -4.939e+00) (8.751e-04 -5.430e-04 -1.458e-02) (0.000e+00 0.000e+00 0.000e+00))
182       	((4.812e+00 -5.999e+00 6.548e+00) (1.468e-01 -1.009e-01 6.862e-02) (0.000e+00 0.000e+00 0.000e+00)) ((-4.331e-01 -1.595e+00 -4.892e+00) (1.234e-03 4.599e-05 -1.500e-02) (0.000e+00 0.000e+00 0.000e+00))
183       	((4.787e+00 -6.045e+00 6.398e+00) (1.473e-01 -1.013e-01 6.884e-02) (0.000e+00 0.000e+00 0.000e+00)) ((-3.959e-01 -1.450e+00 -4.898e+00) (1.330e-03 2.371e-04 -1.514e-02) (0.000e+00 0.000e+00 0.000e+00))
184       	((4.748e+00 -6.128e+00 6.246e+00) (1.470e-01 -1.013e-01 6.949e-02) (0.000e+00 0.000e+00 0.000e+00)) ((-3.563e-01 -1.321e+00 -4.977e+00) (1.177e-03 -7.932e-06 -1.502e-02) (0.000e+00 0.000e+00 0.000e+00))
185       	((4.711e+00 -6.205e+00 6.252e+00) (1.461e-01 -1.013e-01 6.995e-02) (0.000e+00 0.000e+00 0.000e+00)) ((-3.428e-01 -1.319e+00 -5.097e+00) (9.956e-04 -3.755e-04 -1.498e-02) (0.000e+00 0.000e+00 0.000e+00))
186       	((4.705e+00 -6.130e+00 6.419e+00) (1.453e-01 -1.015e-01 6.975e-02) (0.000e+00 0.000e+00 0.000e+00)) ((-3.646e-01 -1.413e+00 -5.196e+00) (1.053e-03 -3.967e-04 -1.529e-02) (0.000e+00 0.000e+00 0.000e+00))
187       	((4.738e+00 -5.955e+00 6.687e+00) (1.452e-01 -1.020e-01 6.914e-02) (0.000e+00 0.000e+00 0.000e+00)) ((-4.063e-01 -1.543e+00 -5.213e+00) (1.325e-03 -4.105e-05 -1.587e-02) (0.000e+00 0.000e+00 0.000e+00))
188       	((4.781e+00 -5.759e+00 6.837e+00) (1.458e-01 -1.024e-01 6.869e-02) (0.000e+00 0.000e+00 0.000e+00)) ((-4.313e-01 -1.567e+00 -5.156e+00) (1.612e-03 4.402e-04 -1.633e-02) (0.000e+00 0.000e+00 0.000e+00))
189       	((4.819e+00 -5.603e+00 6.877e+00) (1.464e-01 -1.026e-01 6.891e-02) (0.000e+00 0.000e+00 0.000e+00)) ((-4.274e-01 -1.468e+00 -5.112e+00) (1.663e-03 6.395e-04 -1.643e-02) (0.000e+00 0.000e+00 0.000e+00))
190       	((4.825e+00 -5.618e+00 6.811e+00) (1.464e-01 -1.025e-01 6.986e-02) (0.000e+00 0.000e+00 0.000e+00)) ((-3.983e-01 -1.329e+00 -5.148e+00) (1.394e-03 2.829e-04 -1.616e-02) (0.000e+00 0.000e+00 0.000e+00))
191       	((4.806e+00 -5.782e+00 6.811e+00) (1.456e-01 -1.023e-01 7.094e-02) (0.000e+00 0.000e+00 0.000e+00)) ((-3.780e-01 -1.311e+00 -5.264e+00) (9.894e-04 -4.449e-04 -1.583e-02) (0.000e+00 0.000e+00 0.000e+00))
192       	((4.798e+00 -5.895e+00 6.959e+00) (1.447e-01 -1.023e-01 7.131e-02) (0.000e+00 0.000e+00 0.000e+00)) ((-3.899e-01 -1.426e+00 -5.392e+00) (7.869e-04 -9.229e-04 -1.582e-02) (0.000e+00 0.000e+00 0.000e+00))
193       	((4.822e+00 -5.941e+00 7.209e+00) (1.444e-01 -1.025e-01 7.096e-02) (0.000e+00 0.000e+00 0.000e+00)) ((-4.288e-01 -1.620e+00 -5.449e+00) (8.784e-04 -9.179e-04 -1.618e-02) (0.000e+00 0.000e+00 0.000e+00))
194       	((4.860e+00 -5.912e+00 7.332e+00) (1.450e-01 -1.030e-01 7.036e-02) (0.000e+00 0.000e+00 0.000e+00)) ((-4.577e-01 -1.710e+00 -5.408e+00) (1.165e-03 -5.331e-04 -1.663e-02) (0.000e+00 0.000e+00 0.000e+00))
195       	((4.886e+00 -5.942e+00 7.276e+00) (1.461e-01 -1.034e-01 7.016e-02) (0.000e+00 0.000e+00 0.000e+00)) ((-4.543e-01 -1.670e+00 -5.345e+00) (1.358e-03 -1.955e-04 -1.684e-02) (0.000e+00 0.000e+00 0.000e+00))
196       	((4.875e+00 -6.141e+00 7.009e+00) (1.469e-01 -1.035e-01 7.060e-02) (0.000e+00 0.000e+00 0.000e+00)) ((-4.109e-01 -1.527e+00 -5.339e+00) (1.287e-03 -2.797e-04 -1.671e-02) (0.000e+00 0.000e+00 0.000e+00))
197       	((4.841e+00 -6.398e+00 6.782e+00) (1.469e-01 -1.034e-01 7.132e-02) (0.000e+00 0.000e+00 0.000e+00)) ((-3.682e-01 -1.440e+00 -5.421e+00) (1.023e-03 -7.631e-04 -1.637e-02) (0.000e+00 0.000e+00 0.000e+00))
198       	((4.803e+00 -6.665e+00 6.702e+00) (1.462e-01 -1.034e-01 7.152e-02) (0.000e+00 0.000e+00 0.000e+00)) ((-3.504e-01 -1.483e+00 -5.538e+00) (8.777e-04 -1.167e-03 -1.625e-02) (0.000e+00 0.000e+00 0.000e+00))
199       	((4.780e+00 -6.852e+00 6.768e+00) (1.459e-01 -1.037e-01 7.095e-02) (0.000e+00 0.000e+00 0.000e+00)) ((-3.616e-01 -1.628e+00 -5.612e+00) (1.031e-03 -1.113e-03 -1.652e-02) (0.000e+00 0.000e+00 0.000e+00))
200       	((4.788e+00 -6.849e+00 6.873e+00) (1.463e-01 -1.042e-01 6.998e-02) (0.000e+00 0.000e+00 0.000e+00)) ((-3.818e-01 -1.719e+00 -5.586e+00) (1.412e-03 -6.129e-04 -1.697e-02) (0.000e+00 0.000e+00 0.000e+00))
201       	((4.796e+00 -6.781e+00 6.871e+00) (1.471e-01 -1.046e-01 6.920e-02) (0.000e+00 0.000e+00 0.000e+00)) ((-3.787e-01 -1.678e+00 -5.516e+00) (1.814e-03 4.231e-05 -1.736e-02) (0.000e+00 0.000e+00 0.000e+00))
202       	((4.778e+00 -6.778e+00 6.726e+00) (1.480e-01 -1.049e-01 6.900e-02) (0.000e+00 0.000e+00 0.000e+00)) ((-3.391e-01 -1.511e+00 -5.491e+00) (2.009e-03 4.724e-04 -1.743e-02) (0.000e+00 0.000e+00 0.000e+00))
203       	((4.739e+00 -6.807e+00 6.579e+00) (1.482e-01 -1.047e-01 6.939e-02) (0.000e+00 0.000e+00 0.000e+00)) ((-2.900e-01 -1.345e+00 -5.551e+00) (1.899e-03 4.155e-04 -1.714e-02) (0.000e+00 0.000e+00 0.000e+00))
204       	((4.701e+00 -6.827e+00 6.621e+00) (1.476e-01 -1.044e-01 6.988e-02) (0.000e+00 0.000e+00 0.000e+00)) ((-2.688e-01 -1.313e+00 -5.656e+00) (1.668e-03 8.577e-06 -1.689e-02) (0.000e+00 0.000e+00 0.000e+00))
205       	((4.689e+00 -6.699e+00 6.861e+00) (1.469e-01 -1.044e-01 6.984e-02) (0.000e+00 0.000e+00 0.000e+00)) ((-2.849e-01 -1.391e+00 -5.759e+00) (1.633e-03 -1.845e-04 -1.703e-02) (0.000e+00 0.000e+00 0.000e+00))
206       	((4.727e+00 -6.410e+00 7.250e+00) (1.468e-01 -1.047e-01 6.925e-02) (0.000e+00 0.000e+00 0.000e+00)) ((-3.306e-01 -1.528e+00 -5.793e+00) (1.865e-03 6.635e-05 -1.753e-02) (0.000e+00 0.000e+00 0.000e+00))
207       	((4.799e+00 -6.039e+00 7.589e+00) (1.473e-01 -1.052e-01 6.856e-02) (0.000e+00 0.000e+00 0.000e+00)) ((-3.699e-01 -1.594e+00 -5.759e+00) (2.235e-03 6.070e-04 -1.815e-02) (0.000e+00 0.000e+00 0.000e+00))
208       	((4.872e+00 -5.655e+00 7.790e+00) (1.483e-01 -1.054e-01 6.848e-02) (0.000e+00 0.000e+00 0.000e+00)) ((-3.829e-01 -1.536e+00 -5.725e+00) (2.434e-03 1.030e-03 -1.843e-02) (0.000e+00 0.000e+00 0.000e+00))
209       	((4.919e+00 -5.368e+00 7.864e+00) (1.489e-01 -1.051e-01 6.947e-02) (0.000e+00 0.000e+00 0.000e+00)) ((-3.723e-01 -1.415e+00 -5.754e+00) (2.180e-03 7.661e-04 -1.811e-02) (0.000e+00 0.000e+00 0.000e+00))
210       	((4.933e+00 -5.249e+00 7.952e+00) (1.485e-01 -1.043e-01 7.120e-02) (0.000e+00 0.000e+00 0.000e+00)) ((-3.682e-01 -1.388e+00 -5.853e+00) (1.533e-03 -2.391e-04 -1.739e-02) (0.000e+00 0.000e+00 0.000e+00))
211       	((4.946e+00 -5.123e+00 8.212e+00) (1.473e-01 -1.034e-01 7.269e-02) (0.000e+00 0.000e+00 0.000e+00)) ((-4.040e-01 -1.529e+00 -5.979e+00) (8.609e-04 -1.414e-03 -1.678e-02) (0.000e+00 0.000e+00 0.000e+00))
212       	((4.987e+00 -4.993e+00 8.594e+00) (1.462e-01 -1.029e-01 7.321e-02) (0.000e+00 0.000e+00 0.000e+00)) ((-4.734e-01 -1.801e+00 -6.066e+00) (4.874e-04 -2.047e-03 -1.654e-02) (0.000e+00 0.000e+00 0.000e+00))
213       	((5.069e+00 -4.895e+00 8.843e+00) (1.461e-01 -1.026e-01 7.284e-02) (0.000e+00 0.000e+00 0.000e+00)) ((-5.358e-01 -2.013e+00 -6.057e+00) (4.902e-04 -1.970e-03 -1.662e-02) (0.000e+00 0.000e+00 0.000e+00))
214       	((5.157e+00 -4.836e+00 8.845e+00) (1.467e-01 -1.028e-01 7.231e-02) (0.000e+00 0.000e+00 0.000e+00)) ((-5.644e-01 -2.056e+00 -5.981e+00) (7.132e-04 -1.560e-03 -1.693e-02) (0.000e+00 0.000e+00 0.000e+00))
215       	((5.204e+00 -5.009e+00 8.582e+00) (1.473e-01 -1.034e-01 7.235e-02) (0.000e+00 0.000e+00 0.000e+00)) ((-5.452e-01 -1.971e+00 -5.939e+00) (8.447e-04 -1.386e-03 -1.718e-02) (0.000e+00 0.000e+00 0.000e+00))
216       	((5.200e+00 -5.395e+00 8.200e+00) (1.473e-01 -1.039e-01 7.299e-02) (0.000e+00 0.000e+00 0.000e+00)) ((-5.020e-01 -1.864e+00 -5.971e+00) (7.254e-04 -1.809e-03 -1.722e-02) (0.000e+00 0.000e+00 0.000e+00))
217       	((5.164e+00 -5.877e+00 7.912e+00) (1.462e-01 -1.040e-01 7.357e-02) (0.000e+00 0.000e+00 0.000e+00)) ((-4.736e-01 -1.868e+00 -6.054e+00) (4.614e-04 -2.550e-03 -1.709e-02) (0.000e+00 0.000e+00 0.000e+00))
218       	((5.107e+00 -6.442e+00 7.694e+00) (1.452e-01 -1.040e-01 7.322e-02) (0.000e+00 0.000e+00 0.000e+00)) ((-4.628e-01 -2.004e+00 -6.129e+00) (3.980e-04 -2.832e-03 -1.701e-02) (0.000e+00 0.000e+00 0.000e+00))
219       	((5.064e+00 -6.833e+00 7.523e+00) (1.449e-01 -1.041e-01 7.192e-02) (0.000e+00 0.000e+00 0.000e+00)) ((-4.614e-01 -2.124e+00 -6.132e+00) (6.975e-04 -2.350e-03 -1.713e-02) (0.000e+00 0.000e+00 0.000e+00))
220       	((5.027e+00 -7.054e+00 7.264e+00) (1.456e-01 -1.046e-01 7.009e-02) (0.000e+00 0.000e+00 0.000e+00)) ((-4.389e-01 -2.086e+00 -6.073e+00) (1.364e-03 -1.163e-03 -1.753e-02) (0.000e+00 0.000e+00 0.000e+00))
221       	((4.954e+00 -7.312e+00 6.809e+00) (1.469e-01 -1.055e-01 6.840e-02) (0.000e+00 0.000e+00 0.000e+00)) ((-3.744e-01 -1.891e+00 -6.008e+00) (2.136e-03 2.410e-04 -1.805e-02) (0.000e+00 0.000e+00 0.000e+00))
222       	((4.859e+00 -7.504e+00 6.278e+00) (1.478e-01 -1.061e-01 6.733e-02) (0.000e+00 0.000e+00 0.000e+00)) ((-2.940e-01 -1.627e+00 -5.971e+00) (2.663e-03 1.248e-03 -1.832e-02) (0.000e+00 0.000e+00 0.000e+00))
223       	((4.769e+00 -7.581e+00 5.930e+00) (1.476e-01 -1.062e-01 6.671e-02) (0.000e+00 0.000e+00 0.000e+00)) ((-2.376e-01 -1.453e+00 -5.983e+00) (2.884e-03 1.720e-03 -1.828e-02) (0.000e+00 0.000e+00 0.000e+00))
224       	((4.694e+00 -7.597e+00 5.825e+00) (1.466e-01 -1.064e-01 6.575e-02) (0.000e+00 0.000e+00 0.000e+00)) ((-2.148e-01 -1.421e+00 -6.032e+00) (3.175e-03 2.138e-03 -1.847e-02) (0.000e+00 0.000e+00 0.000e+00))
225       	((4.639e+00 -7.543e+00 5.928e+00) (1.457e-01 -1.074e-01 6.406e-02) (0.000e+00 0.000e+00 0.000e+00)) ((-2.198e-01 -1.509e+00 -6.087e+00) (3.830e-03 2.952e-03 -1.930e-02) (0.000e+00 0.000e+00 0.000e+00))
226       	((4.628e+00 -7.428e+00 6.189e+00) (1.458e-01 -1.089e-01 6.196e-02) (0.000e+00 0.000e+00 0.000e+00)) ((-2.365e-01 -1.643e+00 -6.119e+00) (4.760e-03 4.130e-03 -2.053e-02) (0.000e+00 0.000e+00 0.000e+00))
227       	((4.645e+00 -7.324e+00 6.444e+00) (1.466e-01 -1.103e-01 6.023e-02) (0.000e+00 0.000e+00 0.000e+00)) ((-2.383e-01 -1.717e+00 -6.124e+00) (5.649e-03 5.276e-03 -2.177e-02) (0.000e+00 0.000e+00 0.000e+00))
228       	((4.661e+00 -7.298e+00 6.623e+00) (1.476e-01 -1.108e-01 5.983e-02) (0.000e+00 0.000e+00 0.000e+00)) ((-2.172e-01 -1.699e+00 -6.133e+00) (6.016e-03 5.730e-03 -2.234e-02) (0.000e+00 0.000e+00 0.000e+00))
229       	((4.655e+00 -7.371e+00 6.719e+00) (1.480e-01 -1.099e-01 6.115e-02) (0.000e+00 0.000e+00 0.000e+00)) ((-1.867e-01 -1.637e+00 -6.176e+00) (5.546e-03 5.004e-03 -2.179e-02) (0.000e+00 0.000e+00 0.000e+00))
230       	((4.626e+00 -7.483e+00 6.867e+00) (1.472e-01 -1.080e-01 6.360e-02) (0.000e+00 0.000e+00 0.000e+00)) ((-1.808e-01 -1.652e+00 -6.246e+00) (4.423e-03 3.233e-03 -2.044e-02) (0.000e+00 0.000e+00 0.000e+00))
231       	((4.606e+00 -7.424e+00 7.189e+00) (1.455e-01 -1.057e-01 6.586e-02) (0.000e+00 0.000e+00 0.000e+00)) ((-2.251e-01 -1.787e+00 -6.289e+00) (3.163e-03 1.252e-03 -1.889e-02) (0.000e+00 0.000e+00 0.000e+00))
232       	((4.635e+00 -7.161e+00 7.628e+00) (1.439e-01 -1.036e-01 6.695e-02) (0.000e+00 0.000e+00 0.000e+00)) ((-3.059e-01 -2.000e+00 -6.276e+00) (2.218e-03 -4.453e-05 -1.754e-02) (0.000e+00 0.000e+00 0.000e+00))
233       	((4.711e+00 -6.829e+00 7.932e+00) (1.431e-01 -1.022e-01 6.654e-02) (0.000e+00 0.000e+00 0.000e+00)) ((-3.709e-01 -2.117e+00 -6.193e+00) (1.974e-03 -1.205e-04 -1.695e-02) (0.000e+00 0.000e+00 0.000e+00))
234       	((4.788e+00 -6.510e+00 8.064e+00) (1.433e-01 -1.025e-01 6.585e-02) (0.000e+00 0.000e+00 0.000e+00)) ((-4.037e-01 -2.094e+00 -6.084e+00) (2.316e-03 4.799e-04 -1.738e-02) (0.000e+00 0.000e+00 0.000e+00))
235       	((4.849e+00 -6.226e+00 8.130e+00) (1.442e-01 -1.031e-01 6.614e-02) (0.000e+00 0.000e+00 0.000e+00)) ((-4.149e-01 -1.975e+00 -6.011e+00) (2.496e-03 7.726e-04 -1.777e-02) (0.000e+00 0.000e+00 0.000e+00))
236       	((4.872e+00 -6.137e+00 8.110e+00) (1.446e-01 -1.031e-01 6.726e-02) (0.000e+00 0.000e+00 0.000e+00)) ((-4.106e-01 -1.861e+00 -6.002e+00) (2.226e-03 3.694e-04 -1.757e-02) (0.000e+00 0.000e+00 0.000e+00))
237       	((4.882e+00 -6.181e+00 8.147e+00) (1.439e-01 -1.023e-01 6.858e-02) (0.000e+00 0.000e+00 0.000e+00)) ((-4.204e-01 -1.864e+00 -6.041e+00) (1.627e-03 -5.771e-04 -1.697e-02) (0.000e+00 0.000e+00 0.000e+00))
238       	((4.911e+00 -6.182e+00 8.268e+00) (1.427e-01 -1.013e-01 6.891e-02) (0.000e+00 0.000e+00 0.000e+00)) ((-4.515e-01 -1.959e+00 -6.087e+00) (1.234e-03 -1.116e-03 -1.651e-02) (0.000e+00 0.000e+00 0.000e+00))
239       	((4.953e+00 -6.172e+00 8.426e+00) (1.420e-01 -1.011e-01 6.794e-02) (0.000e+00 0.000e+00 0.000e+00)) ((-4.861e-01 -2.082e+00 -6.108e+00) (1.439e-03 -6.830e-04 -1.662e-02) (0.000e+00 0.000e+00 0.000e+00))
240       	((4.977e+00 -6.188e+00 8.480e+00) (1.426e-01 -1.021e-01 6.667e-02) (0.000e+00 0.000e+00 0.000e+00)) ((-4.970e-01 -2.109e+00 -6.099e+00) (2.132e-03 3.483e-04 -1.744e-02) (0.000e+00 0.000e+00 0.000e+00))
